contig41205:46995-50826	NZ_QPIP01000040.1_wolbachia	0.0	5802	3898	92.894	6	3831	8882	12772
contig21655:23176-27650	NZ_CP016430.1_wolbachia	0.0	4834	4092	85.973	194	4260	1114382	1118433
contig82518:11250-14109	NZ_QPIP01000225.1_wolbachia	0.0	4420	2894	93.988	1	2849	4547	1660
contig24014:19607-22010	NZ_QPIP01000012.1_wolbachia	0.0	3807	2393	95.153	1	2392	4833	2446
contig82518:31954-35917	NZ_CAOH01000056.1_wolbachia	0.0	3714	4061	80.325	2	3963	3799	7780
contig22648:52901-55829	NZ_QPIP01000225.1_wolbachia	0.0	3610	2955	87.174	1	2927	3368	447
contig60599:36848-52880	NZ_CP041215.1_wolbachia	0.0	3606	4456	77.536	9231	13571	285781	281356
contig111166:29090-31313	NZ_MNCG01000080.1_wolbachia	0.0	2438	2274	83.641	1	2219	13018	15247
contig101838:5953-13532	NZ_CP041215.1_wolbachia	0.0	2355	2341	81.888	4110	6417	282596	280277
contig104492:6893-11374	NZ_CP041215.1_wolbachia	0.0	1894	2067	79.971	2244	4301	281334	283396
contig24014:16199-17706	NZ_MUJL01000059.1_wolbachia	0.0	1819	1384	88.584	176	1507	2034	653
contig140396:3608-5757	NZ_QPIP01000011.1_wolbachia	0.0	1807	1695	83.481	40	1644	22539	20853
contig6767:28422-30540	NZ_QPIP01000011.1_wolbachia	0.0	1807	1695	83.481	512	2116	20853	22539
contig62661:89289-93752	NZ_CP041215.1_wolbachia	0.0	1794	1975	79.747	233	2195	283329	281358
contig54256:25557-27714	NZ_QPIP01000011.1_wolbachia	0.0	1784	1705	82.991	503	2117	20853	22539
contig10767:48224-50433	NZ_NSDS01000079.1_wolbachia	0.0	1773	2019	79.693	203	2209	11824	13812
contig83347:6124-8304	NZ_CP016430.1_wolbachia	0.0	1707	2000	79.100	199	2180	238600	240585
contig8667:11430-15085	NZ_CP015510.2_wolbachia	0.0	1693	2461	75.457	1	2420	1263165	1265602
contig82518:22137-23924	NZ_QPIP01000225.1_wolbachia	0.0	1681	1160	92.500	1	1156	1489	336
contig4956:73158-74195	NZ_CAOH01000048.1_wolbachia	0.0	1635	1039	94.706	1	1037	953	1982
contig54255:38034-40169	NZ_QPIP01000011.1_wolbachia	0.0	1634	1708	81.030	2	1618	22539	20853
contig28080:13103-16290	NZ_CP015510.2_wolbachia	0.0	1625	2450	74.735	32	2419	1263170	1265602
contig54256:19275-20850	NZ_LRUH01000003.1_wolbachia	0.0	1618	1434	85.146	1	1426	8832	10252
contig41156:47828-49356	NZ_QPIP01000070.1_wolbachia	0.0	1611	1570	83.312	1	1528	8685	7158
contig120126:10876-13379	NZ_KB223538.1_wolbachia	0.0	1608	1371	86.287	672	2027	11060	12400
contig6767:22276-23850	NZ_LRUH01000003.1_wolbachia	0.0	1604	1441	84.733	1	1435	8832	10252
contig4956:78999-82475	NZ_VCEG01000122.1_wolbachia	0.0	1592	1355	85.830	3	1353	11713	10405
contig4865:65822-67934	NZ_QPIP01000120.1_wolbachia	0.0	1591	1221	88.370	940	2112	1339	137
contig4956:77436-78667	NZ_QPIP01000116.1_wolbachia	0.0	1537	1206	88.557	35	1223	1624	429
contig110376:12951-16136	NZ_CP015510.2_wolbachia	0.0	1481	2536	73.226	2	2492	1263152	1265603
contig45554:30664-32437	NZ_QPIP01000040.1_wolbachia	0.0	1466	970	93.505	4	966	12077	11112
contig26619:11904-13635	NZ_KB223538.1_wolbachia	0.0	1457	1494	81.124	18	1444	8491	9910
contig12055:11602-13784	NZ_QPIP01000093.1_wolbachia	0.0	1446	1213	86.562	1	1212	655	1866
contig55499:34817-37014	NZ_KB223538.1_wolbachia	0.0	1446	1236	86.084	846	2053	11067	12275
contig120015:7288-11014	NZ_CP015510.2_wolbachia	0.0	1439	2357	73.568	20	2334	1263170	1265480
contig56420:32935-36636	NZ_CP015510.2_wolbachia	0.0	1405	2481	72.229	20	2455	1263170	1265602
contig57015:7061-9509	NZ_CAOH01000065.1_wolbachia	0.0	1397	1300	83.692	106	1401	5179	6478
contig97794:44314-47449	NZ_CP015510.2_wolbachia	0.0	1366	2461	72.694	20	2389	1263170	1265602
contig43090:31693-34077	NZ_CP015510.2_wolbachia	0.0	1361	1863	76.436	32	1860	1263170	1265016
contig59781:1759-2780	NZ_CAOH01000048.1_wolbachia	0.0	1343	1043	90.604	1	1021	963	1979
contig57015:21936-26306	NZ_CAOH01000065.1_wolbachia	0.0	1337	1259	83.400	1835	3090	6432	5179
contig36754:35171-36510	NZ_KB223538.1_wolbachia	0.0	1330	1402	80.243	4	1339	9799	8470
contig581:4071-5440	NZ_NSDS01000070.1_wolbachia	0.0	1269	1152	84.549	245	1369	52	1192
contig42215:18348-19410	NZ_NSDS01000070.1_wolbachia	0.0	1257	1080	85.741	1	1062	113	1192
contig131151:4311-5431	NZ_NSDS01000070.1_wolbachia	0.0	1247	1139	84.197	1	1120	1191	61
contig6767:8936-12307	NZ_NSDS01000070.1_wolbachia	0.0	1242	1154	83.882	1	1141	1191	52
contig47840:6928-9012	NZ_NSDS01000070.1_wolbachia	0.0	1236	1145	83.843	1	1127	1191	57
contig108259:12794-14948	NZ_NSDS01000070.1_wolbachia	0.0	1228	1138	83.743	1	1114	1185	57
contig110377:9706-11307	NZ_RWIK01000003.1_wolbachia	0.0	1224	1581	77.293	68	1594	33560	32008
contig97486:21655-25569	NZ_CP041215.1_wolbachia	0.0	1200	1590	76.541	1872	3455	280880	282466
contig66402:15885-18640	NZ_LK055284.1_wolbachia	0.0	1199	1815	74.490	980	2755	594062	595831
contig10737:33945-36112	NZ_NSDS01000070.1_wolbachia	0.0	1194	1146	83.333	1	1126	1191	57
contig107168:4876-8422	NZ_LK055284.1_wolbachia	0.0	1191	1822	74.424	1764	3546	594062	595831
contig56531:7008-8374	NZ_LSYY01000126.1_wolbachia	0.0	1179	810	91.728	1	794	14682	13873
contig25813:9937-11304	NZ_LSYY01000126.1_wolbachia	0.0	1177	811	91.615	1	795	14683	13873
contig8667:23939-25563	NZ_RWIK01000003.1_wolbachia	0.0	1177	1651	75.954	1	1595	31980	33590
contig56531:9367-10734	NZ_LSYY01000126.1_wolbachia	0.0	1172	811	91.492	1	795	14683	13873
contig17820:18438-21324	NZ_CTEH01000015.1_wolbachia	0.0	1169	829	91.435	1256	2074	1954	1129
contig79792:23503-24741	NZ_LSYY01000126.1_wolbachia	0.0	1166	812	91.379	1	796	14683	13873
contig79792:26192-27559	NZ_LSYY01000126.1_wolbachia	0.0	1163	811	91.245	1	795	14683	13873
contig28080:22749-24395	NZ_RWIK01000003.1_wolbachia	0.0	1162	1561	77.130	58	1566	32073	33590
contig98868:31083-33755	NZ_CTEH01000006.1_wolbachia	0.0	1154	2240	71.607	467	2672	2698	4867
contig56531:4623-6003	NZ_LSYY01000126.1_wolbachia	0.0	1150	824	90.413	1	808	14683	13873
contig72521:1-909	NZ_CP041215.1_wolbachia	0.0	1095	932	85.730	3	908	381046	380121
contig109514:3774-5787	NZ_NSDS01000070.1_wolbachia	0.0	1070	996	83.735	1	972	1047	57
contig136622:7675-8872	NZ_CAOH01000065.1_wolbachia	0.0	1049	963	84.112	1	960	5471	6432
contig32215:18066-20042	NZ_CTEH01000006.1_wolbachia	0.0	1040	2005	71.521	1	1976	4640	2698
contig98868:20772-22347	NZ_RWIK01000003.1_wolbachia	0.0	1028	1637	74.221	29	1575	33590	31979
contig2827:52033-53374	NZ_CTEH01000015.1_wolbachia	0.0	1027	1351	76.166	59	1337	567	1843
contig42215:16743-18227	NC_021084.1_wolbachia	0.0	1022	946	83.932	61	1001	32454	31547
contig58604:31642-34836	NZ_CTEH01000006.1_wolbachia	0.0	1022	2450	69.918	1	2411	2698	5040
contig84414:19934-21197	NZ_CP041215.1_wolbachia	0.0	1020	922	84.382	403	1263	381114	382030
contig97794:50638-52378	NZ_RWIK01000003.1_wolbachia	0.0	1017	1380	76.304	1	1310	32231	33578
contig131151:5506-7007	NZ_KB223533.1_wolbachia	0.0	1003	935	83.316	512	1440	18000	17103
contig103716:10622-12081	NZ_NSDS01000070.1_wolbachia	0.0	998	1026	81.189	469	1459	57	1074
contig136941:1093-1804	NZ_QPIP01000070.1_wolbachia	0.0	980	714	91.036	1	711	7462	8163
contig4956:87666-89184	NZ_CAOH01000037.1_wolbachia	0.0	952	750	88.000	80	819	7667	6921
contig113691:13388-16226	NZ_CP041215.1_wolbachia	0.0	940	1375	75.345	1496	2838	282163	283522
contig62357:26051-29274	NC_010981.1_wolbachia	0.0	930	2607	68.700	1	2540	304838	307298
contig22648:60781-63093	NZ_CP041215.1_wolbachia	0.0	915	1236	75.971	990	2200	705591	706806
contig90834:10305-13093	NZ_CTEH01000006.1_wolbachia	0.0	900	1594	72.271	1208	2788	4259	2697
contig5091:23161-24553	NZ_QPIP01000017.1_wolbachia	0.0	898	1403	74.626	3	1392	15390	16776
contig24485:37434-40025	NZ_CP041215.1_wolbachia	0.0	889	1709	72.147	946	2591	282530	280862
contig98868:22871-23971	NZ_RWIK01000003.1_wolbachia	0.0	884	992	80.444	1	979	31150	30171
contig28080:19443-20340	NZ_RWIK01000003.1_wolbachia	0.0	864	882	81.859	40	897	30279	31151
contig20306:1-723	NZ_CP011148.1_wolbachia	0.0	850	729	85.597	3	720	611211	611931
NODE_4409_length_2226_cov_13.672390:1-980	NZ_CAOH01000065.1_wolbachia	0.0	847	745	85.235	1	742	5688	6432
contig8667:22312-23414	NZ_RWIK01000003.1_wolbachia	0.0	837	972	79.835	145	1102	30198	31151
contig64403:13606-14996	NZ_KB223533.1_wolbachia	0.0	830	667	87.706	1	665	17767	17103
contig51480:5191-10342	NZ_CP041215.1_wolbachia	0.0	825	1196	75.084	1806	2997	281252	282442
contig110377:12182-13291	NZ_RWIK01000003.1_wolbachia	0.0	820	984	78.455	1	959	31150	30181
contig67097:19963-22152	NZ_CP041215.1_wolbachia	0.0	815	1132	75.883	1	1128	283264	282159
NODE_1677_length_3365_cov_23.488464:190-1484	NZ_CAOH01000066.1_wolbachia	0.0	792	963	78.712	1	943	537	1475
contig42215:13837-14533	NZ_RWIK01000007.1_wolbachia	0.0	775	668	85.629	29	696	48189	48846
contig21865:12389-13705	NZ_KB223533.1_wolbachia	0.0	769	679	85.272	1	674	17779	17103
contig55499:23126-24227	NZ_CP034335.1_wolbachia	0.0	750	735	82.313	408	1101	807002	806278
contig4956:83945-85499	NZ_CAOH01000037.1_wolbachia	0.0	736	727	82.256	818	1525	8453	7743
contig122193:35489-36065	NZ_NSDS01000070.1_wolbachia	0.0	725	578	87.889	1	576	729	152
contig82518:38729-39602	NZ_LSYY01000140.1_wolbachia	0.0	720	885	78.418	1	873	5741	4874
NODE_36305_length_645_cov_18.848432:49-579	NZ_CAOH01000066.1_wolbachia	0.0	696	538	89.033	1	530	2	527
contig21865:10171-12288	NZ_NSDS01000070.1_wolbachia	0.0	694	615	85.041	602	1205	658	52
contig112575:6255-8869	NZ_CP041215.1_wolbachia	0.0	663	1139	73.486	1	1083	280863	281998
NODE_33809_length_680_cov_4.134647:53-680	NZ_QPIP01000024.1_wolbachia	0.0	658	625	81.760	1	625	777	154
contig44098:10390-11008	NZ_MRWX01000042.1_wolbachia	0.0	648	623	82.504	1	618	4790	5362
contig22648:56200-57188	NZ_CP041215.1_wolbachia	3.21e-180	640	987	74.772	3	975	703575	704547
contig36754:22481-23098	NZ_MRWX01000042.1_wolbachia	1.96e-180	639	618	82.524	6	617	4794	5362
contig88332:58732-59614	NZ_LYUY01000092.1_wolbachia	1.48e-177	631	858	76.807	8	860	4832	3978
NODE_40782_length_581_cov_33.905882:1-578	NZ_LRUH01000087.1_wolbachia	9.47e-178	630	576	84.201	4	577	1045	471
contig15785:25007-25867	NZ_RWIK01000003.1_wolbachia	2.13e-175	623	870	75.402	29	860	33590	32738
contig139798:8603-9491	NZ_LYUY01000092.1_wolbachia	1.14e-172	614	864	75.926	1	861	4778	3919
contig16823:43694-44273	NZ_CP034335.1_wolbachia	8.90e-172	611	618	81.553	3	579	806281	806888
NODE_41831_length_566_cov_19.929293:1-566	NZ_CAOH01000065.1_wolbachia	1.29e-169	603	568	83.451	1	565	6253	5687
contig2827:54925-55513	NZ_MRWX01000042.1_wolbachia	1.64e-168	600	591	81.726	1	588	5361	4819
contig1705:1482-2175	NZ_NSDS01000070.1_wolbachia	4.29e-164	586	721	79.057	3	693	170	878
contig57758:31002-31978	NZ_CP041215.1_wolbachia	9.08e-162	578	439	88.838	1	439	380608	381046
contig100130:215-2642	NZ_CP015510.2_wolbachia	8.05e-161	576	2246	68.166	1	2087	1263211	1265389
contig43090:8653-9543	NZ_RWIK01000003.1_wolbachia	1.01e-160	574	873	74.456	1	853	32739	33593
contig55938:26408-27359	NZ_CP015510.2_wolbachia	1.31e-159	571	978	73.006	1	951	1263591	1264547
contig32215:27402-28717	NZ_RWIK01000003.1_wolbachia	4.04e-155	557	708	78.107	528	1219	30760	31457
contig8667:25871-26639	NZ_CP041215.1_wolbachia	4.18e-152	546	605	80.331	167	766	34678	35282
contig62357:18332-19155	NZ_RWIK01000003.1_wolbachia	8.13e-149	535	799	74.969	40	823	33577	32802
contig100426:2944-3580	NZ_QPIP01000225.1_wolbachia	9.21e-147	528	653	78.254	2	636	858	1509
contig67677:3345-3958	NZ_MRWX01000042.1_wolbachia	1.60e-143	517	628	79.299	1	613	5361	4789
contig110377:8654-9378	NZ_CP041215.1_wolbachia	6.66e-143	516	601	79.201	2	600	35282	34689
contig32215:29184-29778	NZ_RWIK01000003.1_wolbachia	1.89e-142	513	512	82.422	85	593	32043	32548
contig62357:17302-18069	NZ_CP041215.1_wolbachia	1.28e-139	505	612	78.595	2	610	35282	34678
contig66402:15124-15775	NZ_CTEH01000015.1_wolbachia	3.76e-139	502	621	79.549	1	616	2751	3300
contig43090:9850-10609	NZ_CP041215.1_wolbachia	5.38e-138	499	607	78.748	157	757	34678	35282
contig15785:23960-24728	NZ_CP041215.1_wolbachia	9.84e-135	489	614	78.013	2	611	35282	34678
contig66375:50634-51031	NZ_CP041215.1_wolbachia	4.87e-135	489	390	87.949	2	391	284137	284525
contig25494:54251-54891	NZ_MUJM01000128.1_wolbachia	9.91e-134	485	632	76.899	1	600	8230	7600
contig21655:21651-22036	NZ_QPIP01000069.1_wolbachia	2.97e-131	475	385	87.532	1	385	5731	6114
contig67264:67432-68052	NZ_CP015510.2_wolbachia	6.05e-130	472	623	77.047	1	618	714896	715501
contig55247:11197-12129	NZ_CP016430.1_wolbachia	1.37e-127	464	262	99.237	598	859	1112835	1112574
contig107430:11830-13222	NZ_MUJM01000005.1_wolbachia	7.26e-127	463	849	71.967	553	1392	4143	3366
contig26619:16901-17518	NZ_MRWX01000042.1_wolbachia	1.33e-125	457	629	78.060	1	617	5361	4799
contig57015:5896-6980	NZ_CAOH01000065.1_wolbachia	8.32e-125	456	1111	69.757	9	1084	3017	4091
NODE_3076_length_2624_cov_19.343126:1280-2624	NZ_LSYX01000065.1_wolbachia	1.88e-121	444	918	71.024	9	909	894	4
contig136622:6097-7435	NZ_CAOH01000065.1_wolbachia	2.28e-120	441	1110	69.820	9	1092	3017	4091
contig6767:23940-24515	NZ_JQAM01000041.1_wolbachia	9.46e-121	441	620	75.806	1	571	16706	16104
contig100155:19662-20329	NZ_CP041215.1_wolbachia	1.64e-118	434	637	75.353	39	667	894043	894673
contig5091:1100-1823	NZ_QPIP01000017.1_wolbachia	6.24e-118	433	730	73.699	1	723	16109	15387
contig64403:11474-12086	NZ_NSDS01000070.1_wolbachia	2.23e-116	427	617	77.147	1	612	1191	617
contig59704:10338-10985	NZ_CP041215.1_wolbachia	2.88e-115	424	614	75.896	52	643	283319	282712
contig22648:44909-45511	NZ_QPIP01000225.1_wolbachia	3.25e-114	420	608	75.493	1	602	4272	3668
contig47232:27610-27899	NZ_VCEG01000106.1_wolbachia	1.78e-113	416	306	89.542	2	289	18081	18386
contig90834:29422-30186	NZ_CP041215.1_wolbachia	5.07e-113	416	630	75.079	131	752	894043	894663
contig118003:12173-12596	NZ_QPIP01000001.1_wolbachia	9.45e-113	415	444	80.631	1	423	55243	54805
contig54256:20930-21486	NZ_CP011148.1_wolbachia	1.27e-112	415	508	78.346	1	478	875199	874698
contig17060:29449-29783	NZ_CP016430.1_wolbachia	2.55e-112	413	261	95.019	1	261	1112834	1112574
contig100155:13933-14682	NZ_CP041215.1_wolbachia	2.57e-110	407	590	75.254	2	571	35282	34704
contig25494:61350-61894	NZ_LYUY01000092.1_wolbachia	1.84e-110	407	526	77.947	19	537	4832	4308
contig98868:19693-20464	NZ_CP041215.1_wolbachia	1.37e-107	398	612	74.673	2	604	35282	34678
contig57015:17632-18110	NZ_CAOH01000066.1_wolbachia	2.89e-107	397	418	81.818	70	478	928	1341
contig45387:22381-23067	NZ_CP041215.1_wolbachia	5.18e-106	392	401	81.047	286	686	279409	279792
contig70817:1737-2795	NZ_CTEH01000006.1_wolbachia	2.84e-105	391	609	73.563	13	621	3272	2697
contig69587:21715-22162	NZ_QPIP01000073.1_wolbachia	2.07e-102	379	451	79.157	1	447	3544	3098
contig35031:21364-21789	NZ_QPIP01000001.1_wolbachia	2.39e-101	377	441	79.138	7	425	55237	54805
contig123156:15936-16381	NZ_QPIP01000073.1_wolbachia	1.07e-99	370	453	78.366	3	445	3124	3572
contig69587:21106-21551	NZ_QPIP01000073.1_wolbachia	3.72e-99	370	455	78.242	1	445	3571	3121
contig39236:23471-23784	NZ_QPIP01000005.1_wolbachia	1.31e-96	361	301	86.047	1	301	16909	17209
contig66074:25430-25660	NZ_QPIP01000133.1_wolbachia	1.13e-95	356	233	94.421	1	230	1717	1949
contig22648:64859-65472	NZ_CTEH01000006.1_wolbachia	4.91e-93	350	618	72.977	1	613	3281	2698
contig58604:17141-17979	NZ_RWIK01000003.1_wolbachia	2.38e-92	348	819	72.283	51	838	33510	32738
contig56420:31651-32062	NZ_CP015510.2_wolbachia	3.90e-92	346	377	80.106	1	361	1261622	1261997
contig123172:10206-10600	NZ_QPIP01000073.1_wolbachia	3.72e-92	345	397	79.345	1	394	3517	3121
contig62357:29808-30217	NZ_CP015510.2_wolbachia	1.35e-91	344	376	80.053	50	409	1261997	1261623
contig8667:10102-10515	NZ_CP015510.2_wolbachia	1.37e-91	344	361	80.886	3	347	1261619	1261978
contig22648:63978-64394	NZ_CP015510.2_wolbachia	4.81e-91	342	382	79.581	1	366	1261617	1261997
contig110400:252-546	NZ_LRUH01000003.1_wolbachia	1.15e-90	340	292	85.959	1	292	7776	7487
contig120015:5984-6397	NZ_CP015510.2_wolbachia	5.82e-90	339	364	79.945	16	364	1261632	1261995
contig5091:476-856	NZ_QPIP01000017.1_wolbachia	5.31e-90	339	375	80.000	6	380	16770	16396
contig70817:858-1274	NZ_CP015510.2_wolbachia	2.05e-89	337	367	80.109	16	366	1261632	1261997
contig34107:15377-16227	NZ_LSYY01000126.1_wolbachia	1.52e-88	335	883	71.914	3	850	13877	14684
contig93365:42354-42595	NZ_CAOH01000068.1_wolbachia	3.89e-89	334	240	90.833	2	241	3007	2768
contig66402:14551-14848	NZ_MRWX01000042.1_wolbachia	6.01e-88	331	306	83.333	1	297	5003	4706
contig28080:12172-12581	NZ_CP015510.2_wolbachia	2.98e-87	329	375	79.200	1	359	1261624	1261997
contig8929:13299-13841	NZ_RWIK01000003.1_wolbachia	1.41e-86	328	432	77.546	31	446	31027	31457
contig123156:15441-15772	NZ_QPIP01000073.1_wolbachia	2.89e-86	326	332	82.229	1	331	3215	3545
contig33485:13939-15073	NZ_QPIP01000106.1_wolbachia	1.06e-85	326	677	71.196	1	670	1038	372
contig43090:30760-31169	NZ_CP015510.2_wolbachia	1.27e-85	324	375	78.933	1	359	1261624	1261997
contig110376:29524-30242	NZ_CP041215.1_wolbachia	2.82e-84	321	500	75.200	113	609	34678	35165
contig108299:5175-5587	NZ_CP015510.2_wolbachia	1.56e-84	320	355	79.718	8	346	1261625	1261978
contig64403:12444-13553	NZ_LYUY01000134.1_wolbachia	1.88e-82	315	610	71.311	474	1020	790	1398
contig21655:18786-19737	NZ_CP016430.1_wolbachia	1.95e-81	311	897	71.460	65	940	1117280	1118017
contig103782:15189-15571	NZ_CTEH01000006.1_wolbachia	9.04e-81	307	382	78.010	1	382	2699	3074
contig129657:6326-7037	NZ_QPIP01000106.1_wolbachia	9.11e-78	299	677	70.310	1	670	1038	372
contig103716:6638-7213	NZ_QPIP01000012.1_wolbachia	2.54e-77	297	318	79.560	8	325	2697	2405
NODE_14947_length_1146_cov_4.051163:27-609	NZ_CAOH01000066.1_wolbachia	8.99e-77	295	225	89.333	1	224	1252	1476
contig16823:40169-40394	NZ_AMZJ01000001.1_wolbachia	3.15e-77	295	218	89.908	8	225	1731	1514
contig55499:26694-26919	NZ_AMZJ01000001.1_wolbachia	1.10e-76	294	225	88.889	1	225	1515	1739
contig50769:21036-21358	NZ_CP034335.1_wolbachia	1.65e-76	293	331	79.758	3	322	174537	174208
contig97794:55265-55570	NZ_CP041215.1_wolbachia	1.90e-75	290	302	81.457	4	303	34981	35282
contig44299:5789-5948	NZ_QPIP01000010.1_wolbachia	3.09e-75	288	159	100.000	1	159	27114	26956
contig99005:33144-34298	NZ_NSDS01000070.1_wolbachia	3.32e-73	284	1159	68.680	12	1154	209	1192
contig108299:7581-7982	NZ_CTEH01000006.1_wolbachia	4.63e-72	279	406	77.094	1	401	3092	2698
contig37387:27914-28596	NZ_CAOH01000065.1_wolbachia	8.17e-72	279	368	76.902	317	682	6478	6111
contig128750:1157-1579	NZ_QPIP01000012.1_wolbachia	1.71e-71	277	305	79.672	10	313	2669	2394
contig79573:26880-27875	NZ_NSDS01000070.1_wolbachia	5.15e-70	274	1017	70.206	39	995	211	1158
contig87063:45376-45607	NZ_CAOH01000065.1_wolbachia	3.71e-70	272	228	86.404	1	228	5471	5244
contig139798:7959-8504	NZ_AMZJ01000028.1_wolbachia	3.34e-69	270	342	76.608	3	322	146	487
contig21655:14378-14655	NZ_CP041215.1_wolbachia	1.94e-68	267	256	86.719	10	258	318735	318490
contig28080:24661-25416	NZ_LRUH01000071.1_wolbachia	5.73e-68	266	537	71.322	6	536	349	880
contig30784:37346-37700	NZ_QPIP01000073.1_wolbachia	2.55e-68	266	361	76.731	1	354	3571	3216
contig55199:15003-15198	NZ_QPIP01000011.1_wolbachia	1.57e-67	262	200	89.500	1	195	21484	21683
contig60599:55017-55340	NZ_QPIP01000098.1_wolbachia	3.42e-66	260	281	80.783	3	280	5042	4774
contig84448:7692-7881	NZ_QPIP01000225.1_wolbachia	1.84e-66	260	192	91.146	1	189	3058	2867
contig67264:68376-68875	NZ_MUJM01000109.1_wolbachia	1.92e-65	257	433	72.748	81	499	66448	66869
contig23006:24127-24349	NZ_MRWX01000042.1_wolbachia	2.72e-65	256	225	84.889	1	222	5012	4796
contig64403:17535-17759	NZ_MUJL01000059.1_wolbachia	2.75e-65	256	233	83.691	1	221	184	416
contig60599:53760-54523	NZ_CP034335.1_wolbachia	1.28e-63	252	362	75.967	58	413	805386	805729
contig110376:11982-12160	NZ_CP015510.2_wolbachia	8.93e-64	250	178	91.011	1	178	1261624	1261801
contig58686:1-234	NZ_CP015510.2_wolbachia	1.22e-63	250	228	83.772	6	233	1263240	1263465
NODE_78078_length_312_cov_15.825726:3-294	NZ_CAOH01000065.1_wolbachia	1.92e-62	247	248	82.258	1	245	6189	6432
contig5091:19384-20159	NZ_QPIP01000017.1_wolbachia	5.51e-62	247	713	68.022	79	775	15477	16167
contig56531:2138-2599	NZ_QPIP01000018.1_wolbachia	3.18e-62	246	468	74.786	1	461	24018	23615
contig128750:2651-2941	NZ_NSDS01000070.1_wolbachia	6.68e-62	245	285	79.298	5	289	209	492
contig60021:23444-23697	NZ_CP015510.2_wolbachia	5.72e-62	245	234	82.479	20	253	1263170	1263403
contig133418:20439-20591	NZ_CP041215.1_wolbachia	1.33e-60	240	150	95.333	1	150	298049	298198
NODE_41062_length_577_cov_17.211462:1-576	NZ_CP041215.1_wolbachia	5.98e-60	239	588	69.388	4	569	373459	372893
contig120210:1858-2685	NZ_QPIP01000098.1_wolbachia	1.58e-56	229	289	78.547	477	761	5051	4774
contig126533:861-1179	NZ_QPIP01000040.1_wolbachia	1.99e-56	226	306	76.797	29	318	8206	7902
contig10155:9981-10147	NZ_CAOH01000068.1_wolbachia	3.26e-56	225	166	90.964	1	165	2806	2970
contig123172:10764-11059	NZ_QPIP01000073.1_wolbachia	6.38e-56	224	302	79.139	1	295	3544	3255
contig138711:11504-11755	NZ_MRWX01000042.1_wolbachia	5.31e-56	224	250	80.000	1	245	1114	873
contig56930:45721-45910	NZ_QPIP01000039.1_wolbachia	4.63e-55	221	185	87.568	3	186	12653	12834
contig21555:38575-38817	NZ_QPIP01000066.1_wolbachia	7.56e-54	218	123	99.187	120	242	8352	8230
contig43090:43826-44594	NZ_MRWX01000094.1_wolbachia	1.13e-51	213	784	70.026	27	768	524	1247
contig82936:10695-10853	NZ_QPIP01000226.1_wolbachia	6.76e-52	211	167	87.425	1	158	3193	3359
contig2122:57772-58768	NZ_CP041215.1_wolbachia	5.16e-51	210	1023	65.298	16	996	1107911	1106926
contig2122:53943-54545	NZ_CP041215.1_wolbachia	1.06e-50	208	558	68.817	1	517	1107561	1107010
contig4550:6192-6401	NZ_CP015510.2_wolbachia	4.02e-50	205	198	82.828	1	198	1074445	1074248
contig92696:2254-2414	NZ_QPIP01000130.1_wolbachia	2.92e-50	205	150	90.667	1	149	1167	1316
contig5091:4789-5523	NZ_QPIP01000017.1_wolbachia	5.57e-49	204	418	71.292	1	409	16149	15740
contig75128:14883-15016	NZ_FMKF01000172.1_wolbachia	8.04e-50	204	136	93.382	1	133	878	1013
contig90834:9873-10136	NZ_CP015510.2_wolbachia	1.83e-49	204	279	78.495	1	263	1263153	1263427
contig90769:766-920	NZ_CAOH01000036.1_wolbachia	4.13e-48	198	162	88.272	1	154	6336	6495
contig35670:42403-42539	NZ_CTEH01000007.1_wolbachia	3.52e-48	197	141	94.326	1	136	274	413
contig126286:44533-44675	NZ_DS996942.1_wolbachia	1.58e-46	192	128	93.750	16	142	24019	23892
contig75449:7870-8015	NZ_QPIP01000190.1_wolbachia	1.63e-46	192	144	91.667	3	145	4703	4563
contig87697:8070-8183	NZ_QPIP01000034.1_wolbachia	1.17e-46	192	113	98.230	1	113	11462	11351
contig21655:20646-21071	NZ_LRUH01000079.1_wolbachia	1.97e-45	191	176	85.227	5	180	82	253
NODE_4409_length_2226_cov_13.672390:1061-1227	NZ_CAOH01000066.1_wolbachia	6.73e-46	190	167	85.629	1	166	1175	1341
contig136622:8953-9119	NZ_CAOH01000066.1_wolbachia	6.73e-46	190	167	85.629	1	166	1175	1341
contig30784:38137-38347	NZ_QPIP01000073.1_wolbachia	8.90e-46	190	217	79.724	1	210	3360	3572
contig22648:48032-48308	NZ_QPIP01000037.1_wolbachia	4.26e-45	189	266	76.316	12	276	4870	5134
contig65398:49365-49490	NZ_QPIP01000001.1_wolbachia	1.63e-45	189	117	95.726	9	125	31131	31247
contig56428:44176-44405	NZ_MUJM01000128.1_wolbachia	3.44e-45	188	210	80.000	20	226	7906	8115
contig96609:15731-16431	NZ_NSDT01000116.1_wolbachia	4.08e-44	187	346	72.254	359	700	3240	3581
contig97794:49697-49974	NZ_RWIK01000003.1_wolbachia	1.49e-44	187	285	74.737	1	277	31953	32234
contig24106:14552-14729	NZ_QPIP01000010.1_wolbachia	3.10e-44	186	105	99.048	5	109	25448	25552
contig82983:23914-24618	NZ_NSDT01000116.1_wolbachia	1.43e-43	186	345	72.174	1	341	3580	3240
contig13762:7420-7642	NZ_MUJM01000015.1_wolbachia	4.04e-44	185	222	78.378	1	222	16083	15862
contig2122:61447-62477	NZ_CP041215.1_wolbachia	7.42e-43	184	412	69.903	503	911	1108107	1107699
contig22388:62978-63178	NZ_MUJL01000059.1_wolbachia	1.52e-42	180	234	74.786	3	200	416	183
contig16801:1810-1997	NZ_CTEH01000016.1_wolbachia	4.88e-42	178	187	81.283	1	187	6876	6693
contig32026:7042-7159	NZ_QPIP01000040.1_wolbachia	2.70e-42	178	108	96.296	1	108	11054	10947
contig45482:20254-20441	NZ_CTEH01000016.1_wolbachia	4.88e-42	178	187	81.283	1	187	6876	6693
contig58604:15574-15813	NZ_QPIP01000084.1_wolbachia	6.53e-42	178	184	82.065	14	194	2796	2614
contig97995:3814-4001	NZ_CTEH01000016.1_wolbachia	4.88e-42	178	187	81.283	1	187	6694	6877
contig94586:2552-2722	NZ_CP041215.1_wolbachia	1.53e-41	177	170	82.941	1	170	280017	279848
contig120974:2696-2813	NZ_DS996942.1_wolbachia	9.41e-42	176	117	93.162	1	117	30773	30657
contig2122:46352-47130	NZ_CP041215.1_wolbachia	8.22e-41	176	823	65.006	1	778	1107741	1106953
contig93901:23761-24114	NZ_QPIP01000012.1_wolbachia	3.54e-41	176	354	73.164	1	353	2395	2699
contig15229:51176-51474	NZ_LRUH01000071.1_wolbachia	1.02e-40	175	284	73.592	7	290	354	637
NODE_80559_length_296_cov_20.520000:1-174	NZ_QPIP01000017.1_wolbachia	5.45e-41	174	165	82.424	9	173	9302	9150
contig136941:2517-2885	NZ_QPIP01000062.1_wolbachia	4.50e-40	173	379	75.198	11	368	8242	8598
contig71074:6936-7100	NZ_LYUV01000065.1_wolbachia	1.78e-40	173	161	83.851	1	152	5263	5103
contig77831:4235-4416	NZ_LSYY01000162.1_wolbachia	2.01e-40	173	185	82.162	1	181	25670	25852
contig132487:12963-13611	NZ_CP015510.2_wolbachia	8.28e-40	172	312	73.077	91	397	1185286	1184976
contig849:68023-68412	NZ_LSYX01000084.1_wolbachia	1.67e-39	171	338	71.302	1	338	1919	1585
contig85952:21586-21774	NZ_CP034335.1_wolbachia	8.89e-39	167	110	94.545	1	106	66084	65975
contig72784:8882-8993	NZ_QPIP01000054.1_wolbachia	1.58e-38	166	104	95.192	8	111	2351	2454
contig1654:41604-42493	NZ_LSYX01000084.1_wolbachia	1.71e-37	165	351	70.085	6	356	1585	1932
contig2122:43774-44330	NZ_CP041215.1_wolbachia	1.04e-37	165	247	75.709	285	529	1107198	1106953
contig28833:40904-41704	NZ_CP041215.1_wolbachia	1.53e-37	165	247	75.709	529	773	1107198	1106953
contig52013:10173-10514	NZ_QPIP01000070.1_wolbachia	2.15e-37	164	363	70.523	3	341	9143	8782
contig55499:37127-37329	NZ_CTEH01000015.1_wolbachia	1.18e-37	164	207	82.126	9	202	5069	5271
contig133243:24294-24426	NZ_QPIP01000190.1_wolbachia	2.44e-37	161	134	87.313	1	132	4682	4812
contig41786:29110-29427	NZ_CP015510.2_wolbachia	6.92e-37	161	283	72.792	7	289	1185006	1185286
contig52847:58827-59014	NZ_QPIP01000072.1_wolbachia	1.31e-36	160	187	79.144	1	187	5736	5919
contig103716:16614-16740	NZ_NSDS01000070.1_wolbachia	2.79e-36	159	127	88.189	1	126	1066	1192
contig110376:27845-28513	NZ_RWIK01000003.1_wolbachia	5.40e-36	159	696	69.397	1	668	32374	33008
contig134775:21971-22151	NZ_LSYY01000162.1_wolbachia	4.40e-36	159	182	80.769	3	180	25849	25670
contig95385:6189-6315	NZ_NSDS01000070.1_wolbachia	2.79e-36	159	127	88.189	1	126	1191	1065
contig111429:19570-19684	NZ_CP034335.1_wolbachia	2.44e-36	158	111	92.793	1	110	575814	575923
contig21655:21241-21334	NZ_CP016430.1_wolbachia	1.84e-36	158	87	100.000	1	87	1118856	1118942
contig9036:1326-1505	NZ_LYUY01000021.1_wolbachia	1.52e-35	157	179	79.330	3	179	8806	8646
contig136622:13455-13705	NZ_CP041215.1_wolbachia	2.25e-35	156	241	75.104	11	250	1106938	1107174
contig36819:16046-16839	NZ_LSYY01000098.1_wolbachia	7.86e-35	156	266	72.932	498	763	13956	14221
contig68095:23364-23464	NZ_CP041215.1_wolbachia	2.50e-35	155	98	94.898	3	100	298921	298824
contig99005:31878-32263	NZ_QPIP01000012.1_wolbachia	1.27e-34	154	233	77.253	41	273	2603	2405
contig1705:469-687	NZ_QPIP01000012.1_wolbachia	2.34e-34	152	226	80.531	5	218	2609	2398
contig61500:26650-26751	NZ_DS996942.1_wolbachia	8.72e-35	152	103	93.204	1	101	24056	23954
contig67457:32129-32383	NZ_FMKF01000014.1_wolbachia	2.79e-34	152	240	75.000	16	253	4509	4271
contig36819:14471-15257	NZ_LSYY01000098.1_wolbachia	3.31e-33	151	266	72.556	498	763	13956	14221
contig85247:42351-42438	NZ_QPIP01000040.1_wolbachia	2.47e-34	151	86	98.837	1	86	9382	9297
contig109567:2189-2963	NZ_LSYY01000098.1_wolbachia	3.26e-33	150	267	73.034	11	276	14221	13956
contig110376:25537-25725	NZ_CP015510.2_wolbachia	2.39e-33	150	178	78.652	1	174	1212206	1212039
contig1122:4359-4508	NZ_CP016430.1_wolbachia	1.80e-33	150	153	81.699	1	149	1126276	1126426
contig12063:6837-7032	NZ_LYUY01000015.1_wolbachia	2.49e-33	150	151	81.457	45	195	12352	12210
contig121702:36027-36164	NZ_DS996942.1_wolbachia	4.63e-34	150	127	87.402	1	121	13318	13443
contig17103:37073-37173	NZ_QPIP01000190.1_wolbachia	1.06e-33	150	94	95.745	1	92	3528	3621
contig21296:102873-103029	NZ_LYUY01000058.1_wolbachia	5.47e-34	150	118	88.136	6	123	6402	6285
contig33353:1398-1503	NZ_LYUY01000058.1_wolbachia	1.12e-33	150	104	92.308	1	104	516	617
contig119695:952-1084	NZ_NSDS01000036.1_wolbachia	1.54e-33	149	136	83.824	4	132	1211	1346
contig21655:22328-22460	NZ_QPIP01000135.1_wolbachia	1.54e-33	149	131	83.206	1	131	3308	3195
contig29933:38837-38982	NZ_CAOH01000036.1_wolbachia	1.74e-33	149	145	86.897	1	142	6368	6501
contig67057:30689-30790	NZ_CTEH01000007.1_wolbachia	3.71e-33	148	89	96.629	1	89	2801	2713
contig109567:3732-4544	NZ_LSYY01000098.1_wolbachia	4.17e-32	147	276	71.739	43	318	14221	13946
contig7679:60809-60905	NZ_LSYY01000098.1_wolbachia	3.49e-33	147	96	93.750	1	96	16771	16676
contig100013:4660-4778	NZ_CACK01000334.1_wolbachia	1.61e-32	146	118	87.288	1	118	331	214
contig100496:24494-24612	NZ_CACK01000334.1_wolbachia	1.61e-32	146	118	87.288	1	118	331	214
contig101231:59694-59812	NZ_CACK01000334.1_wolbachia	1.61e-32	146	118	87.288	1	118	331	214
contig10316:2515-2633	NZ_CACK01000334.1_wolbachia	1.61e-32	146	118	87.288	1	118	215	332
contig103178:6049-6167	NZ_CACK01000334.1_wolbachia	1.61e-32	146	118	87.288	1	118	331	214
contig104169:10201-10319	NZ_CACK01000334.1_wolbachia	1.61e-32	146	118	87.288	1	118	215	332
contig104796:7158-7276	NZ_CACK01000334.1_wolbachia	1.61e-32	146	118	87.288	1	118	331	214
contig105022:1512-1630	NZ_CACK01000334.1_wolbachia	1.61e-32	146	118	87.288	1	118	331	214
contig106756:19418-19536	NZ_CACK01000334.1_wolbachia	1.61e-32	146	118	87.288	1	118	331	214
contig106938:35727-35845	NZ_CACK01000334.1_wolbachia	1.61e-32	146	118	87.288	1	118	331	214
contig107080:4376-4494	NZ_CACK01000334.1_wolbachia	1.61e-32	146	118	87.288	1	118	331	214
contig11319:2446-2564	NZ_CACK01000334.1_wolbachia	1.61e-32	146	118	87.288	1	118	331	214
contig115110:895-1013	NZ_CACK01000334.1_wolbachia	1.61e-32	146	118	87.288	1	118	215	332
contig116796:7103-7221	NZ_CACK01000334.1_wolbachia	1.61e-32	146	118	87.288	1	118	215	332
contig117110:15055-15173	NZ_CACK01000334.1_wolbachia	1.61e-32	146	118	87.288	1	118	331	214
contig117946:39925-40043	NZ_CACK01000334.1_wolbachia	1.61e-32	146	118	87.288	1	118	215	332
contig12284:31484-31602	NZ_CACK01000334.1_wolbachia	1.61e-32	146	118	87.288	1	118	331	214
contig12284:70474-70592	NZ_CACK01000334.1_wolbachia	1.61e-32	146	118	87.288	1	118	331	214
contig134205:5320-5438	NZ_CACK01000334.1_wolbachia	1.61e-32	146	118	87.288	1	118	215	332
contig135471:21842-21960	NZ_CACK01000334.1_wolbachia	1.61e-32	146	118	87.288	1	118	331	214
contig139539:21147-21265	NZ_CACK01000334.1_wolbachia	1.61e-32	146	118	87.288	1	118	331	214
contig139751:2472-2590	NZ_CACK01000334.1_wolbachia	1.61e-32	146	118	87.288	1	118	215	332
contig145170:10530-10648	NZ_CACK01000334.1_wolbachia	1.61e-32	146	118	87.288	1	118	215	332
contig16850:19213-19331	NZ_CACK01000334.1_wolbachia	1.61e-32	146	118	87.288	1	118	331	214
contig17333:4810-4928	NZ_CACK01000334.1_wolbachia	1.61e-32	146	118	87.288	1	118	215	332
contig19894:6520-6638	NZ_CACK01000334.1_wolbachia	1.61e-32	146	118	87.288	1	118	215	332
contig21808:22227-22345	NZ_CACK01000334.1_wolbachia	1.61e-32	146	118	87.288	1	118	215	332
contig27094:25594-25712	NZ_CACK01000334.1_wolbachia	1.61e-32	146	118	87.288	1	118	215	332
contig27094:41256-41374	NZ_CACK01000334.1_wolbachia	1.61e-32	146	118	87.288	1	118	331	214
contig27094:61198-61316	NZ_CACK01000334.1_wolbachia	1.61e-32	146	118	87.288	1	118	215	332
contig27497:25386-25504	NZ_CACK01000334.1_wolbachia	1.61e-32	146	118	87.288	1	118	331	214
contig28212:28548-28666	NZ_CACK01000334.1_wolbachia	1.61e-32	146	118	87.288	1	118	215	332
contig29244:15279-15397	NZ_CACK01000334.1_wolbachia	1.61e-32	146	118	87.288	1	118	331	214
contig29605:9506-9624	NZ_CACK01000334.1_wolbachia	1.61e-32	146	118	87.288	1	118	215	332
contig29788:84196-84314	NZ_CACK01000334.1_wolbachia	1.61e-32	146	118	87.288	1	118	215	332
contig32223:23740-23858	NZ_CACK01000334.1_wolbachia	1.61e-32	146	118	87.288	1	118	215	332
contig3297:8060-8178	NZ_CACK01000334.1_wolbachia	1.61e-32	146	118	87.288	1	118	215	332
contig34384:35644-35762	NZ_CACK01000334.1_wolbachia	1.61e-32	146	118	87.288	1	118	215	332
contig34384:75811-75929	NZ_CACK01000334.1_wolbachia	1.61e-32	146	118	87.288	1	118	215	332
contig35149:17849-17967	NZ_CACK01000334.1_wolbachia	1.61e-32	146	118	87.288	1	118	331	214
contig35149:23105-23223	NZ_CACK01000334.1_wolbachia	1.61e-32	146	118	87.288	1	118	215	332
contig36311:478-596	NZ_CACK01000334.1_wolbachia	1.61e-32	146	118	87.288	1	118	331	214
contig37291:40471-40589	NZ_CACK01000334.1_wolbachia	1.61e-32	146	118	87.288	1	118	215	332
contig37291:7727-7845	NZ_CACK01000334.1_wolbachia	1.61e-32	146	118	87.288	1	118	331	214
contig37291:930-1048	NZ_CACK01000334.1_wolbachia	1.61e-32	146	118	87.288	1	118	215	332
contig37365:4199-4317	NZ_CACK01000334.1_wolbachia	1.61e-32	146	118	87.288	1	118	331	214
contig37652:25200-25318	NZ_CACK01000334.1_wolbachia	1.61e-32	146	118	87.288	1	118	215	332
contig37652:68059-68177	NZ_CACK01000334.1_wolbachia	1.61e-32	146	118	87.288	1	118	215	332
contig44310:40851-40969	NZ_CACK01000334.1_wolbachia	1.61e-32	146	118	87.288	1	118	331	214
contig47055:19918-20036	NZ_CACK01000334.1_wolbachia	1.61e-32	146	118	87.288	1	118	331	214
contig4820:40627-40745	NZ_CACK01000334.1_wolbachia	1.61e-32	146	118	87.288	1	118	331	214
contig48509:31420-31526	NZ_CAOH01000029.1_wolbachia	1.39e-32	146	103	91.262	3	105	2480	2582
contig51015:4358-4476	NZ_CACK01000334.1_wolbachia	1.61e-32	146	118	87.288	1	118	215	332
contig52132:11860-11978	NZ_CACK01000334.1_wolbachia	1.61e-32	146	118	87.288	1	118	331	214
contig52132:55174-55292	NZ_CACK01000334.1_wolbachia	1.61e-32	146	118	87.288	1	118	331	214
contig54539:20101-20219	NZ_CACK01000334.1_wolbachia	1.61e-32	146	118	87.288	1	118	331	214
contig55061:3507-3625	NZ_CACK01000334.1_wolbachia	1.61e-32	146	118	87.288	1	118	215	332
contig55135:301-419	NZ_CACK01000334.1_wolbachia	1.61e-32	146	118	87.288	1	118	331	214
contig58273:19668-19786	NZ_CACK01000334.1_wolbachia	1.61e-32	146	118	87.288	1	118	215	332
contig58273:30982-31100	NZ_CACK01000334.1_wolbachia	1.61e-32	146	118	87.288	1	118	331	214
contig62470:639-757	NZ_CACK01000334.1_wolbachia	1.61e-32	146	118	87.288	1	118	331	214
contig63143:20386-20504	NZ_CACK01000334.1_wolbachia	1.61e-32	146	118	87.288	1	118	215	332
contig66182:10575-10693	NZ_CACK01000334.1_wolbachia	1.61e-32	146	118	87.288	1	118	215	332
contig66182:53481-53599	NZ_CACK01000334.1_wolbachia	1.61e-32	146	118	87.288	1	118	215	332
contig6816:40598-40716	NZ_CACK01000334.1_wolbachia	1.61e-32	146	118	87.288	1	118	331	214
contig69731:54523-54641	NZ_CACK01000334.1_wolbachia	1.61e-32	146	118	87.288	1	118	215	332
contig71571:61860-61978	NZ_CACK01000334.1_wolbachia	1.61e-32	146	118	87.288	1	118	331	214
contig71571:63155-63273	NZ_CACK01000334.1_wolbachia	1.61e-32	146	118	87.288	1	118	215	332
contig76120:18004-18122	NZ_CACK01000334.1_wolbachia	1.61e-32	146	118	87.288	1	118	331	214
contig76352:39333-39451	NZ_CACK01000334.1_wolbachia	1.61e-32	146	118	87.288	1	118	331	214
contig76424:14037-14155	NZ_CACK01000334.1_wolbachia	1.61e-32	146	118	87.288	1	118	331	214
contig79672:74175-74293	NZ_CACK01000334.1_wolbachia	1.61e-32	146	118	87.288	1	118	331	214
contig80234:22182-22300	NZ_CACK01000334.1_wolbachia	1.61e-32	146	118	87.288	1	118	215	332
contig80491:5365-5483	NZ_CACK01000334.1_wolbachia	1.61e-32	146	118	87.288	1	118	215	332
contig80642:17135-17253	NZ_CACK01000334.1_wolbachia	1.61e-32	146	118	87.288	1	118	331	214
contig80642:25967-26085	NZ_CACK01000334.1_wolbachia	1.61e-32	146	118	87.288	1	118	215	332
contig82594:11391-11509	NZ_CACK01000334.1_wolbachia	1.61e-32	146	118	87.288	1	118	215	332
contig8457:30421-30539	NZ_CACK01000334.1_wolbachia	1.61e-32	146	118	87.288	1	118	331	214
contig89218:746-864	NZ_CACK01000334.1_wolbachia	1.61e-32	146	118	87.288	1	118	331	214
contig92419:13672-13790	NZ_CACK01000334.1_wolbachia	1.61e-32	146	118	87.288	1	118	215	332
contig92419:52849-52967	NZ_CACK01000334.1_wolbachia	1.61e-32	146	118	87.288	1	118	215	332
contig92639:4220-4338	NZ_CACK01000334.1_wolbachia	1.61e-32	146	118	87.288	1	118	215	332
contig961:28998-29116	NZ_CACK01000334.1_wolbachia	1.61e-32	146	118	87.288	1	118	215	332
contig97577:6841-6959	NZ_CACK01000334.1_wolbachia	1.61e-32	146	118	87.288	1	118	331	214
contig97794:49044-49434	NC_021084.1_wolbachia	6.67e-32	146	398	68.593	1	390	1195771	1196161
contig67746:20796-20885	NZ_QPIP01000167.1_wolbachia	1.09e-32	145	80	100.000	10	89	1297	1218
contig1657:52574-53004	NZ_AP013028.1_wolbachia	2.59e-31	144	306	70.588	125	430	967429	967732
contig24015:16648-16775	NZ_DS996942.1_wolbachia	6.22e-32	144	116	87.931	5	120	23095	22982
contig134220:24540-24655	NZ_QPIP01000140.1_wolbachia	5.43e-32	143	114	87.719	1	114	1318	1205
contig52354:33276-33393	NZ_CACK01000334.1_wolbachia	5.56e-32	143	114	87.719	4	117	327	214
contig70247:12217-12301	NZ_QJHA01000027.1_wolbachia	3.47e-32	143	84	97.619	1	84	38490	38407
contig52294:30071-30179	NZ_QPIP01000190.1_wolbachia	1.74e-31	142	100	93.000	1	100	3260	3357
contig62517:13894-14122	NZ_CP041215.1_wolbachia	1.55e-30	141	159	80.503	76	228	294848	294691
contig87402:5-118	NZ_CACK01000334.1_wolbachia	1.85e-31	141	113	87.611	1	113	326	214
contig2236:5147-5271	NZ_LRUH01000087.1_wolbachia	7.33e-31	140	115	88.696	13	124	2975	2862
contig55247:12205-12376	NZ_MUJM01000017.1_wolbachia	3.87e-30	139	98	89.796	2	99	852	949
contig79573:20632-20856	NZ_QPIP01000012.1_wolbachia	5.31e-30	139	201	76.617	26	224	2580	2394
contig117706:3714-3797	NZ_CTEH01000004.1_wolbachia	1.45e-30	138	81	97.531	3	83	22622	22702
contig36819:12890-13698	NZ_LSYY01000098.1_wolbachia	2.15e-29	138	266	71.429	504	769	13956	14221
contig62510:37868-38008	NZ_CTEH01000006.1_wolbachia	3.00e-30	138	140	80.714	1	140	4661	4522
contig2122:49222-49984	NZ_CP041215.1_wolbachia	7.06e-29	137	251	72.908	501	748	1107189	1106940
contig4956:83035-83329	NZ_LYUY01000128.1_wolbachia	2.53e-29	137	253	71.937	17	269	1331	1079
contig116210:36702-36804	NZ_CP015510.2_wolbachia	6.80e-30	136	100	90.000	3	102	1261716	1261617
contig42496:17859-17974	NZ_CACK01000334.1_wolbachia	2.81e-29	135	118	87.288	1	115	331	214
contig106473:14717-14810	NZ_QPIP01000075.1_wolbachia	2.10e-29	134	93	92.473	1	91	3059	3151
contig44943:14491-14607	NZ_CACK01000334.1_wolbachia	2.85e-29	134	109	87.156	8	116	224	332
contig79792:28687-28963	NZ_QPIP01000197.1_wolbachia	8.24e-29	134	165	82.424	1	155	628	467
contig52881:20975-21057	NZ_LYUY01000127.1_wolbachia	6.03e-29	133	81	96.296	1	81	849	769
contig101180:19234-19330	NZ_CTEH01000007.1_wolbachia	7.69e-29	132	96	91.667	1	96	3081	3172
contig107715:10417-10524	NZ_QPIP01000084.1_wolbachia	8.87e-29	132	111	87.387	1	107	4050	4160
contig125025:18048-18143	NZ_MUJL01000059.1_wolbachia	2.64e-28	132	95	90.526	1	95	2006	1912
contig1657:51975-52405	NZ_CP015510.2_wolbachia	4.68e-28	132	270	70.741	162	429	1185286	1185019
contig63787:38985-39071	NZ_QPIP01000190.1_wolbachia	2.27e-28	132	86	94.186	1	86	1467	1385
contig82538:4015-4174	NZ_QPIP01000178.1_wolbachia	5.24e-28	132	165	81.818	1	159	1553	1396
contig12689:14404-14520	NZ_QPIP01000007.1_wolbachia	3.47e-28	131	109	87.156	8	115	15856	15964
contig43090:35401-35634	NZ_CP015510.2_wolbachia	8.26e-28	131	208	74.038	27	233	744687	744887
contig139798:11714-12065	NZ_LSYX01000022.1_wolbachia	4.58e-27	130	149	81.208	204	350	1698	1843
contig142122:13508-13582	NZ_QPIP01000012.1_wolbachia	6.20e-28	130	74	98.649	1	74	10190	10263
contig18792:25718-25820	NC_021089.1_wolbachia	1.01e-27	130	84	94.048	16	99	434794	434711
contig47519:10021-10120	NZ_QPIP01000190.1_wolbachia	9.80e-28	130	96	91.667	4	99	4420	4331
contig91460:29647-29865	NZ_CP015510.2_wolbachia	2.67e-27	130	207	77.295	15	218	1074251	1074446
contig9779:14400-14936	NZ_CP015510.2_wolbachia	7.23e-27	130	444	66.667	1	429	1185257	1184817
contig105943:57365-57532	NZ_QPIP01000084.1_wolbachia	1.95e-27	129	160	76.875	9	167	3814	3959
contig110376:16617-16823	NZ_CP015510.2_wolbachia	2.49e-27	129	207	73.913	1	206	744688	744887
contig3347:73112-73202	NZ_QPIP01000012.1_wolbachia	8.50e-28	129	81	95.062	1	81	3990	3910
contig42710:6239-6356	NZ_CACK01000334.1_wolbachia	1.22e-27	129	118	84.746	1	117	215	332
contig101838:14050-14191	NZ_CP041215.1_wolbachia	5.48e-27	128	144	80.556	1	141	279363	279220
contig2122:62970-63339	NZ_CP041215.1_wolbachia	1.69e-26	128	371	68.194	3	369	1108168	1108523
contig107713:23597-23956	NZ_LSYX01000084.1_wolbachia	1.64e-26	127	339	68.437	22	359	1919	1585
contig108623:32216-32929	NZ_MUJL01000042.1_wolbachia	3.42e-26	127	464	67.026	37	485	3166	2710
contig11337:29831-30190	NZ_LSYX01000084.1_wolbachia	1.64e-26	127	339	68.437	22	359	1919	1585
contig142567:23904-24019	NZ_QPIP01000001.1_wolbachia	4.18e-27	127	125	84.000	1	115	26669	26545
contig4809:4182-4278	NZ_QPIP01000070.1_wolbachia	3.27e-27	127	89	92.135	10	96	8082	8170
contig76956:34020-34203	NZ_QPIP01000197.1_wolbachia	7.55e-27	127	168	81.548	19	183	481	632
contig47768:3288-3647	NZ_LSYX01000084.1_wolbachia	5.72e-26	126	336	68.452	3	337	1588	1919
contig9512:58116-58475	NZ_LSYX01000084.1_wolbachia	5.72e-26	126	336	68.452	3	337	1588	1919
NODE_23984_length_862_cov_8.915297:1-165	NZ_CTEH01000051.1_wolbachia	2.32e-26	125	144	79.167	1	144	833	690
contig105594:31707-31926	NZ_CP041215.1_wolbachia	1.14e-25	124	121	82.645	1	121	280390	280270
contig20972:76841-76944	NZ_CTEH01000007.1_wolbachia	4.35e-26	124	91	90.110	13	103	348	258
contig55658:15823-15946	NZ_QPIP01000135.1_wolbachia	5.58e-26	124	121	84.298	3	123	3309	3199
contig109567:6063-6349	NZ_CP015510.2_wolbachia	1.55e-25	123	298	70.134	3	286	1213249	1213545
contig11334:11979-12153	NZ_CP041215.1_wolbachia	8.70e-26	123	164	78.049	1	158	1107561	1107400
contig16787:5213-5396	NZ_LSYX01000097.1_wolbachia	3.21e-25	123	125	82.400	1	121	12009	12132
contig2122:36732-36906	NZ_CP041215.1_wolbachia	8.70e-26	123	164	78.049	1	158	1107561	1107400
contig35088:113762-114378	NZ_CP015510.2_wolbachia	3.57e-25	123	644	67.391	1	616	715492	714894
contig4956:83511-83630	NZ_LSYX01000135.1_wolbachia	1.86e-25	123	119	82.353	1	119	3179	3062
contig52981:29507-30231	NZ_MUJL01000042.1_wolbachia	4.23e-25	123	463	67.171	239	687	2710	3166
contig65341:59218-59343	NZ_CP041215.1_wolbachia	1.99e-25	123	136	78.676	3	125	486253	486118
contig81691:11787-11883	NZ_QPIP01000190.1_wolbachia	1.39e-25	123	70	98.571	27	96	4036	4105
contig8302:16436-16619	NZ_LSYX01000097.1_wolbachia	3.21e-25	123	125	82.400	1	121	12009	12132
contig114317:5711-5825	NZ_CAOH01000029.1_wolbachia	1.75e-25	122	111	83.784	1	104	3493	3383
contig116326:5861-5929	NZ_LRUH01000012.1_wolbachia	7.91e-26	122	67	100.000	2	68	2118	2052
contig13199:16699-17269	NZ_MUJM01000109.1_wolbachia	1.15e-24	122	530	65.472	43	570	21126	20599
contig76849:13478-13563	NZ_DS996942.1_wolbachia	1.15e-25	122	81	95.062	5	85	1227354	1227432
contig115817:8883-9453	NZ_MUJM01000109.1_wolbachia	4.00e-24	120	529	65.406	1	527	20600	21126
contig59721:20848-21117	NZ_LSYX01000084.1_wolbachia	1.76e-24	120	191	73.822	28	218	1775	1585
contig883:15866-15934	NZ_CP016430.1_wolbachia	2.76e-25	120	66	100.000	3	68	1112732	1112667
contig97869:14352-14901	NZ_CP041215.1_wolbachia	3.84e-24	120	541	64.880	3	543	1028163	1027623
contig35031:28032-28462	NZ_AP013028.1_wolbachia	1.03e-23	119	113	84.071	323	430	279167	279279
contig48100:40973-41064	NZ_MUJL01000122.1_wolbachia	1.56e-24	119	73	95.890	13	85	229	301
contig128412:16265-16355	NZ_CTEH01000001.1_wolbachia	1.54e-24	118	90	88.889	1	90	509959	510048
contig17210:1126-1191	NZ_JYPC01000077.1_wolbachia	8.86e-25	118	65	100.000	1	65	2316	2380
contig36819:11119-11405	NZ_CP015510.2_wolbachia	6.59e-24	118	283	69.965	17	286	1213527	1213246
contig107713:23021-23351	NZ_LSYX01000084.1_wolbachia	2.70e-23	117	276	69.565	50	319	2473	2204
contig11337:29255-29585	NZ_LSYX01000084.1_wolbachia	2.70e-23	117	276	69.565	50	319	2473	2204
contig119810:6493-6604	NZ_LYUV01000051.1_wolbachia	7.18e-24	117	105	86.667	13	111	3609	3508
contig128433:15313-15387	NZ_QPIP01000159.1_wolbachia	3.91e-24	117	67	98.507	1	67	605	671
contig28080:16604-16837	NZ_CP015510.2_wolbachia	1.82e-23	117	208	72.596	27	233	744687	744887
contig30055:10165-10232	NZ_LSYX01000002.1_wolbachia	3.27e-24	117	67	98.507	1	67	1536	1470
contig47768:3893-4223	NZ_LSYX01000084.1_wolbachia	2.70e-23	117	276	69.565	11	280	2204	2473
contig64195:25969-26226	NZ_FMKF01000014.1_wolbachia	2.04e-23	117	128	82.031	132	257	7029	6903
contig69405:57092-57422	NZ_LSYX01000084.1_wolbachia	2.70e-23	117	276	69.565	50	319	2473	2204
contig103711:2092-2167	NZ_LSYX01000080.1_wolbachia	4.00e-24	116	76	94.737	1	75	9726	9801
contig107168:8507-9290	NZ_LRUH01000086.1_wolbachia	6.80e-23	116	259	69.498	528	783	14542	14284
contig144772:13331-13395	NZ_QPIP01000055.1_wolbachia	3.00e-24	116	64	100.000	1	64	6157	6220
contig66402:18725-19508	NZ_LRUH01000086.1_wolbachia	6.80e-23	116	259	69.498	528	783	14542	14284
contig104492:11941-12158	NZ_LSYY01000104.1_wolbachia	5.84e-23	115	192	73.958	7	197	248	432
contig143783:343-448	NZ_FMKF01000027.1_wolbachia	2.32e-23	115	97	88.660	10	105	6681	6775
contig2122:38014-38313	NZ_CP041215.1_wolbachia	8.44e-23	115	316	68.354	1	299	1107741	1107429
contig25813:11883-12069	NZ_CAOH01000039.1_wolbachia	4.86e-23	115	182	74.725	5	186	4606	4784
contig30087:4626-4731	NZ_CACK01000334.1_wolbachia	2.32e-23	115	109	85.321	1	105	322	214
contig53513:23410-23506	NZ_QPIP01000191.1_wolbachia	2.06e-23	115	81	91.358	16	96	3932	3852
contig56531:11324-11510	NZ_CAOH01000039.1_wolbachia	4.86e-23	115	182	74.725	5	186	4606	4784
contig79792:25450-25636	NZ_CAOH01000039.1_wolbachia	4.86e-23	115	182	74.725	5	186	4606	4784
contig9512:58721-59052	NZ_LSYX01000084.1_wolbachia	9.46e-23	115	277	69.675	11	281	2204	2473
contig105013:15840-15918	NZ_CP041215.1_wolbachia	1.49e-23	114	68	97.059	9	76	377432	377365
contig113399:2363-2604	NZ_GL883652.1_wolbachia	6.60e-23	114	239	71.130	3	241	2077	2312
contig127435:25383-25495	NZ_MRWX01000042.1_wolbachia	2.54e-23	114	114	82.456	1	112	863	970
contig22388:64520-64631	NZ_NSDS01000063.1_wolbachia	2.51e-23	114	111	81.982	3	111	3149	3255
contig63840:63366-63484	NZ_CACK01000334.1_wolbachia	2.73e-23	114	118	81.356	1	118	331	214
contig80335:10070-10146	NZ_CTEH01000007.1_wolbachia	1.43e-23	114	77	94.805	1	76	288	363
contig110376:24938-25292	NZ_RWIK01000003.1_wolbachia	3.56e-22	113	281	74.021	83	353	30356	30604
contig22443:47503-47600	NZ_NSDS01000070.1_wolbachia	7.31e-23	113	95	86.316	3	97	437	531
contig2970:9328-9450	NZ_CP015510.2_wolbachia	9.97e-23	113	123	81.301	3	122	1263742	1263620
contig46054:62244-62433	NZ_LYUV01000026.1_wolbachia	1.73e-22	113	198	71.717	3	177	14876	14679
contig53844:11464-11616	NZ_JYPC01000058.1_wolbachia	1.33e-22	113	107	84.112	36	142	746	641
contig582:6424-6533	NZ_CACK01000334.1_wolbachia	8.53e-23	113	109	83.486	1	109	215	322
contig62510:52827-52978	NZ_CTEH01000051.1_wolbachia	1.32e-22	113	149	77.181	3	151	847	701
contig76036:37668-37735	NZ_LYUY01000143.1_wolbachia	3.99e-23	113	65	98.462	1	65	1043	979
contig103782:14633-14866	NZ_CP015510.2_wolbachia	7.73e-22	112	206	72.330	1	206	744886	744687
contig110377:11824-12006	NC_021084.1_wolbachia	5.76e-22	112	185	73.514	1	182	1195995	1195811
contig130433:9707-10277	NZ_CP041215.1_wolbachia	2.07e-21	112	539	64.564	1	539	1028161	1027623
contig30273:33907-33986	NZ_QPIP01000190.1_wolbachia	1.86e-22	112	73	95.890	3	73	3839	3911
contig34362:35415-35531	NZ_CAOH01000029.1_wolbachia	3.25e-22	112	105	82.857	13	116	5615	5719
contig36363:3369-3533	NZ_CP015510.2_wolbachia	5.10e-22	112	111	82.883	34	144	1212674	1212783
contig38801:17429-17562	NZ_QPIP01000075.1_wolbachia	3.91e-22	112	69	95.652	65	133	6223	6155
contig62225:8123-8232	NZ_MUJM01000003.1_wolbachia	2.98e-22	112	106	83.962	1	106	2022	2126
contig62357:25425-25629	NZ_CP015510.2_wolbachia	6.61e-22	112	205	72.195	1	204	744886	744689
contig76956:34273-34719	NZ_LYUY01000161.1_wolbachia	1.59e-21	112	128	84.375	1	126	306	189
contig130433:14685-15342	NZ_CP041215.1_wolbachia	2.41e-21	111	628	64.968	44	657	1022300	1021685
contig2122:57147-57439	NZ_CP041215.1_wolbachia	1.00e-21	111	289	68.858	8	292	1108459	1108171
contig34898:18379-18489	NZ_CACK01000334.1_wolbachia	3.02e-22	111	112	83.036	1	110	331	221
contig64752:20398-20493	NZ_LSYX01000068.1_wolbachia	2.47e-22	111	97	89.691	1	95	38527	38617
contig113399:7470-8007	NZ_CP041215.1_wolbachia	6.79e-21	110	535	65.047	6	537	1027623	1028154
contig117440:17159-17226	NZ_LYUY01000148.1_wolbachia	4.86e-22	110	63	98.413	4	66	21	83
contig11995:43331-43479	NZ_CP041215.1_wolbachia	1.57e-21	110	148	76.351	1	148	373587	373440
contig148416:24360-24430	NZ_CP041215.1_wolbachia	5.26e-22	110	68	95.588	3	70	65679	65746
contig16692:9132-9237	NZ_AMZJ01000026.1_wolbachia	9.85e-22	110	98	84.694	3	100	1100	1197
contig23736:5553-5686	NZ_CP041215.1_wolbachia	1.36e-21	110	128	78.906	1	128	715436	715309
contig94035:15827-15927	NZ_LRUH01000051.1_wolbachia	9.31e-22	110	94	85.106	8	100	499	592
contig104623:39100-39476	NZ_AAGB01000062.1_wolbachia	4.62e-21	109	378	67.196	1	376	802	1177
contig5860:23866-23962	NZ_LSYX01000094.1_wolbachia	8.77e-22	109	90	86.667	1	90	3623	3534
contig107168:9425-10168	NZ_LSYY01000098.1_wolbachia	3.34e-20	108	281	67.972	1	269	14220	13940
contig58604:31144-31345	NZ_CP015510.2_wolbachia	7.91e-21	108	202	72.277	1	201	744886	744689
contig66402:19643-20295	NZ_LSYY01000098.1_wolbachia	2.91e-20	108	281	67.972	1	269	14220	13940
contig126953:29518-30573	NZ_KI440887.1_wolbachia	4.81e-20	107	417	66.187	293	707	12202	11788
contig43090:30066-30217	NZ_CP015510.2_wolbachia	5.61e-21	107	154	76.623	1	151	1263626	1263777
contig68184:5773-5834	NZ_QPIP01000097.1_wolbachia	1.46e-21	107	59	100.000	3	61	5250	5192
contig111840:39594-39700	NZ_CAOH01000065.1_wolbachia	1.22e-20	106	105	83.810	1	105	5723	5825
contig62661:88422-88726	NZ_LSYY01000104.1_wolbachia	4.46e-20	106	194	72.165	111	304	428	244
contig100130:2859-3142	NZ_CTEH01000006.1_wolbachia	4.11e-20	105	296	71.284	1	283	3094	2810
contig107430:11044-11111	NZ_QPIP01000018.1_wolbachia	5.92e-21	105	63	96.825	5	67	13916	13978
contig109567:4869-5045	NZ_FMKF01000044.1_wolbachia	2.37e-20	105	176	75.000	3	176	3254	3081
contig13199:11394-11638	NZ_GL883652.1_wolbachia	3.47e-20	105	244	69.672	1	244	2074	2314
contig13688:21474-21578	NZ_QPIP01000069.1_wolbachia	1.18e-20	105	104	87.500	2	104	5137	5228
contig138752:13174-13514	NZ_AP013028.1_wolbachia	5.05e-20	105	312	68.590	36	340	834399	834705
contig138752:15235-15524	NZ_CP015510.2_wolbachia	4.21e-20	105	248	70.161	41	283	1088525	1088283
contig145639:1978-2421	NZ_CP015510.2_wolbachia	6.73e-20	105	411	66.423	3	402	1185227	1184817
contig31164:25953-26016	NZ_CTEH01000015.1_wolbachia	5.26e-21	105	63	96.825	1	63	5010	5072
contig51419:2737-2795	NZ_CP016430.1_wolbachia	4.60e-21	105	58	100.000	1	58	1112712	1112655
contig56531:9035-9135	NZ_MUJM01000005.1_wolbachia	1.13e-20	105	93	84.946	8	100	2046	2138
contig58604:30545-30886	NZ_CP015510.2_wolbachia	5.06e-20	105	360	66.389	1	341	745482	745142
contig75947:13712-13954	NZ_GL883657.1_wolbachia	3.44e-20	105	169	75.148	75	242	355	521
NODE_10566_length_1390_cov_13.028810:1017-1315	NZ_AAGB01000062.1_wolbachia	1.52e-19	104	299	68.227	1	298	802	1099
contig101838:5630-5731	NZ_LSYX01000036.1_wolbachia	3.96e-20	104	101	83.168	1	101	790	878
contig107168:10491-10646	NZ_FMKF01000044.1_wolbachia	7.06e-20	104	154	75.974	3	155	3254	3102
contig108956:18854-19182	NZ_AAGB01000062.1_wolbachia	1.69e-19	104	330	67.879	1	328	850	1177
contig142152:4578-5115	NZ_CP041215.1_wolbachia	2.89e-19	104	536	65.112	6	537	1027623	1028154
contig25813:11391-11581	NZ_CAOH01000039.1_wolbachia	9.01e-20	104	178	73.034	1	178	4110	4284
contig31984:30316-30562	NZ_GL883652.1_wolbachia	1.22e-19	104	246	69.512	3	246	2074	2314
contig45040:12623-12695	NZ_QPIP01000226.1_wolbachia	2.35e-20	104	72	91.667	1	72	2134	2063
contig47836:27374-27637	NZ_QPIP01000098.1_wolbachia	1.32e-19	104	120	80.000	1	118	4756	4872
contig56531:8472-8662	NZ_CAOH01000039.1_wolbachia	9.01e-20	104	178	73.034	1	178	4110	4284
contig66402:20721-20876	NZ_FMKF01000044.1_wolbachia	7.06e-20	104	154	75.974	3	155	3254	3102
contig67313:11043-11240	NZ_QPIP01000084.1_wolbachia	9.41e-20	104	103	85.437	1	101	4176	4081
contig849:67421-67750	NZ_LSYX01000084.1_wolbachia	1.70e-19	104	318	67.296	1	318	2497	2204
contig91918:11408-11846	NZ_AAGB01000062.1_wolbachia	2.32e-19	104	440	65.909	1	438	748	1185
contig12055:13865-13948	NZ_QPIP01000013.1_wolbachia	1.04e-19	103	81	88.889	3	83	2116	2037
contig143942:1594-1844	NZ_FMKF01000020.1_wolbachia	4.35e-19	103	126	78.571	1	125	3640	3520
contig17861:65853-65928	NZ_CAOH01000037.1_wolbachia	8.81e-20	103	76	90.789	1	75	7136	7211
contig64422:88380-88515	NZ_LYUX01000010.1_wolbachia	2.06e-19	103	132	78.030	6	135	5578	5449
contig78539:29906-30051	NZ_AMZJ01000029.1_wolbachia	2.26e-19	103	116	80.172	1	116	565	451
contig78980:16552-16676	NZ_CACK01000334.1_wolbachia	1.84e-19	103	113	84.071	8	115	221	331
contig88360:16224-16329	NZ_QPIP01000012.1_wolbachia	1.46e-19	103	82	87.805	11	92	8026	8103
contig92363:29342-29487	NZ_FMKF01000159.1_wolbachia	2.26e-19	103	108	83.333	1	108	1083	988
contig94589:23696-23770	NZ_MUJL01000071.1_wolbachia	8.61e-20	103	74	90.541	1	74	4901	4974
contig13639:17564-17939	NZ_AAGB01000062.1_wolbachia	6.83e-19	102	377	66.578	1	375	802	1177
contig22648:65723-65910	NZ_CP015510.2_wolbachia	3.08e-19	102	187	72.193	1	187	744704	744887
contig31984:35381-35951	NZ_MUJM01000109.1_wolbachia	1.07e-18	102	532	65.038	43	570	21126	20599
contig51904:15309-15726	NZ_MUJL01000035.1_wolbachia	7.67e-19	102	260	68.846	1	257	10073	10330
contig5540:3596-3667	NZ_CAOH01000065.1_wolbachia	8.01e-20	102	71	91.549	1	71	6362	6432
contig9040:5301-5670	NZ_AAGB01000062.1_wolbachia	6.71e-19	102	370	66.486	1	369	748	1116
contig93369:13566-13800	NZ_MJMG01000008.1_wolbachia	4.03e-19	102	156	74.359	1	156	19121	18966
contig98324:7104-7338	NZ_MJMG01000008.1_wolbachia	4.03e-19	102	156	74.359	1	156	19121	18966
NODE_43903_length_537_cov_3.208155:53-233	NZ_QPIP01000006.1_wolbachia	1.03e-18	101	68	92.647	1	68	53160	53093
contig102935:26763-27095	NZ_NSDS01000059.1_wolbachia	2.09e-18	101	218	70.642	120	332	1255	1467
contig102935:27149-27515	NZ_MUJL01000038.1_wolbachia	2.32e-18	101	275	68.364	60	331	6341	6070
contig104693:14931-15229	NZ_AAGB01000062.1_wolbachia	1.85e-18	101	297	68.013	3	298	1096	801
contig129776:7309-7672	NZ_CP015510.2_wolbachia	2.30e-18	101	269	68.401	55	320	1188252	1188516
contig146439:4149-4585	NZ_AAGB01000062.1_wolbachia	2.81e-18	101	434	65.668	8	436	1177	747
contig61500:26155-26234	NZ_DS996942.1_wolbachia	3.36e-19	101	82	90.244	1	79	24368	24291
contig103711:2415-2536	NZ_QPIP01000019.1_wolbachia	6.22e-19	100	94	85.106	9	100	2206	2299
contig104839:204-279	NZ_JQAM01000040.1_wolbachia	3.08e-19	100	75	89.333	1	75	16034	15960
contig116658:2578-3196	NZ_GL883652.1_wolbachia	4.08e-18	100	249	69.076	372	618	2314	2071
contig123383:19865-20364	NZ_NSDS01000070.1_wolbachia	3.25e-18	100	508	68.504	1	499	626	1070
contig131356:16466-17104	NZ_MUJL01000101.1_wolbachia	4.22e-18	100	340	67.353	303	637	2637	2303
contig21113:2386-2461	NZ_JQAM01000040.1_wolbachia	3.08e-19	100	75	89.333	1	75	15961	16035
contig34048:2193-2268	NZ_JQAM01000040.1_wolbachia	3.08e-19	100	75	89.333	1	75	15961	16035
contig36819:12387-12563	NZ_FMKF01000044.1_wolbachia	1.01e-18	100	173	74.566	3	173	3084	3254
contig74707:26111-26186	NZ_JQAM01000040.1_wolbachia	3.08e-19	100	75	89.333	1	75	15961	16035
contig76120:13765-13840	NZ_JQAM01000040.1_wolbachia	3.08e-19	100	75	89.333	1	75	16034	15960
contig77092:144-219	NZ_JQAM01000040.1_wolbachia	3.08e-19	100	75	89.333	1	75	15961	16035
contig90769:479-629	NZ_CP041215.1_wolbachia	8.25e-19	100	55	100.000	6	60	295875	295821
contig91075:17046-17121	NZ_VCEG01000061.1_wolbachia	3.08e-19	100	75	90.667	1	75	7962	8031
contig98397:55408-55473	NZ_JYPC01000077.1_wolbachia	2.38e-19	100	65	93.846	1	65	1437	1373
contig108185:1590-2020	NZ_AAGB01000062.1_wolbachia	9.66e-18	99.6	431	65.429	1	430	748	1177
contig108299:8078-8443	NZ_CP015510.2_wolbachia	8.08e-18	99.6	188	71.809	178	365	744703	744887
contig132487:14049-14267	NZ_LRUH01000010.1_wolbachia	4.51e-18	99.6	150	75.333	6	153	1398	1545
contig2845:233-381	NZ_LYUV01000065.1_wolbachia	2.83e-18	99.6	136	81.618	1	134	5104	5229
contig54604:26245-26335	NZ_CP041215.1_wolbachia	1.44e-18	99.6	86	86.047	7	90	280271	280356
contig56531:10832-11022	NZ_CAOH01000039.1_wolbachia	3.83e-18	99.6	178	72.472	1	178	4110	4284
contig56531:6090-6280	NZ_CAOH01000039.1_wolbachia	3.83e-18	99.6	178	72.472	1	178	4110	4284
contig64752:5312-5406	NZ_LSYX01000068.1_wolbachia	1.54e-18	99.6	97	84.536	1	94	38622	38528
contig78811:19355-19519	NZ_QPIP01000178.1_wolbachia	3.22e-18	99.6	167	81.437	1	164	1397	1541
contig79792:27646-27836	NZ_CAOH01000039.1_wolbachia	3.83e-18	99.6	178	72.472	1	178	4110	4284
contig91303:1446-1524	NZ_LSYX01000068.1_wolbachia	1.15e-18	99.6	80	91.250	1	78	38605	38528
contig142662:1583-1840	NZ_AAGB01000062.1_wolbachia	5.47e-18	98.7	258	68.992	1	257	1056	800
contig35520:9577-9636	NZ_QPIP01000008.1_wolbachia	7.08e-19	98.7	59	96.610	1	59	5785	5727
contig49294:11724-11798	NZ_JQAM01000040.1_wolbachia	1.05e-18	98.7	74	89.189	1	74	15962	16035
contig85079:12387-12454	NZ_CP041215.1_wolbachia	8.79e-19	98.7	59	96.610	1	59	348638	348696
contig99532:14268-14514	NZ_GL883652.1_wolbachia	5.20e-18	98.7	247	69.636	3	246	2311	2071
contig109567:3291-3437	NZ_FMKF01000044.1_wolbachia	9.71e-18	97.8	145	75.862	3	146	3254	3111
contig12163:101039-101348	NZ_MUJM01000003.1_wolbachia	2.35e-17	97.8	161	73.292	134	294	2199	2359
contig131940:402-470	NZ_QJHA01000042.1_wolbachia	3.15e-18	97.8	68	92.647	1	68	75982	76048
contig18323:27909-28026	NZ_MJMG01000008.1_wolbachia	7.24e-18	97.8	117	79.487	1	117	34471	34358
contig2122:41272-41410	NZ_CP015510.2_wolbachia	9.03e-18	97.8	138	76.087	1	138	1212409	1212545
contig27337:33039-33124	NZ_QPIP01000011.1_wolbachia	4.60e-18	97.8	71	90.141	1	71	22467	22537
contig42397:17875-18424	NZ_CP041215.1_wolbachia	4.39e-17	97.8	550	64.545	6	549	1027623	1028166
contig43885:39691-39936	NZ_JYPC01000077.1_wolbachia	1.81e-17	97.8	263	73.384	2	245	2108	2358
contig712:88331-88407	NZ_QPIP01000177.1_wolbachia	3.83e-18	97.8	73	90.411	1	73	1082	1011
contig79689:4527-4911	NZ_AAGB01000062.1_wolbachia	2.98e-17	97.8	385	65.974	1	384	802	1185
contig116790:9323-9699	NZ_AAGB01000062.1_wolbachia	2.91e-17	96.9	376	66.489	3	376	1174	801
contig1657:53193-53511	NZ_LRUH01000070.1_wolbachia	2.43e-17	96.9	300	67.667	10	303	6220	5925
contig23367:22279-22467	NZ_LSYY01000147.1_wolbachia	1.32e-17	96.9	188	71.277	1	188	5700	5887
contig32215:20445-20575	NZ_CP015510.2_wolbachia	8.35e-18	96.9	128	76.562	3	130	744760	744887
contig43090:34563-34905	NZ_CTEH01000006.1_wolbachia	2.63e-17	96.9	348	69.253	1	342	3094	2806
contig51008:20220-20274	NZ_QPIP01000223.1_wolbachia	2.04e-18	96.9	53	100.000	1	53	1426	1374
contig581:3377-3809	NZ_LYUY01000134.1_wolbachia	3.39e-17	96.9	234	69.231	232	432	1398	1165
contig71606:10950-11387	NZ_AAGB01000062.1_wolbachia	3.43e-17	96.9	433	65.820	8	437	1177	747
contig72959:6391-6767	NZ_AAGB01000062.1_wolbachia	2.91e-17	96.9	376	66.489	3	376	1174	801
contig99532:9001-9453	NZ_MUJM01000109.1_wolbachia	3.56e-17	96.9	410	66.098	48	452	20765	21168
contig99799:14088-14343	NZ_CP041215.1_wolbachia	1.89e-17	96.9	255	68.627	1	255	1027846	1027593
contig116143:33872-34354	NZ_MUJM01000109.1_wolbachia	1.33e-16	96.0	481	64.449	6	482	21075	20599
contig118391:31351-31468	NZ_CP041215.1_wolbachia	2.53e-17	96.0	103	83.495	23	117	296050	296151
contig133130:9755-9846	NZ_CP041215.1_wolbachia	1.78e-17	96.0	85	84.706	3	87	281499	281415
contig28833:37898-38038	NZ_CP015510.2_wolbachia	3.21e-17	96.0	140	75.000	1	140	1212409	1212548
contig36819:13967-14143	NZ_FMKF01000044.1_wolbachia	4.28e-17	96.0	173	73.988	3	173	3084	3254
contig582:10644-10719	NZ_JQAM01000040.1_wolbachia	1.31e-17	96.0	75	88.000	1	75	15961	16035
contig59823:1007-1081	NZ_MRWX01000042.1_wolbachia	1.28e-17	96.0	74	89.189	1	74	163	234
contig67245:32575-32630	NZ_CAOH01000066.1_wolbachia	7.43e-18	96.0	55	98.182	1	55	129	183
contig107168:11665-11948	NZ_CP015510.2_wolbachia	7.43e-17	95.1	298	68.121	3	283	1213249	1213545
contig2122:45337-45440	NZ_CP041215.1_wolbachia	2.11e-17	95.1	82	85.366	1	82	1105391	1105310
contig21704:83317-83433	NZ_CP041215.1_wolbachia	2.50e-17	95.1	114	80.702	3	116	294909	294807
contig32823:23275-23713	NZ_AAGB01000062.1_wolbachia	1.20e-16	95.1	440	65.455	1	438	748	1185
contig38598:96662-96749	NZ_CACK01000334.1_wolbachia	1.66e-17	95.1	87	83.908	1	87	301	215
contig51647:7964-8077	NZ_CP015510.2_wolbachia	2.41e-17	95.1	117	79.487	1	113	1223911	1223796
contig69733:28668-28800	NZ_CP015510.2_wolbachia	2.97e-17	95.1	132	75.758	1	132	744756	744887
contig76127:13250-13394	NZ_CP015510.2_wolbachia	3.33e-17	95.1	143	74.825	5	144	1264074	1264216
contig79792:24958-25148	NZ_CAOH01000039.1_wolbachia	4.67e-17	95.1	178	71.910	1	178	4110	4284
contig90834:13536-13668	NZ_CP015510.2_wolbachia	2.97e-17	95.1	132	75.758	1	132	744756	744887
contig10043:1006-1060	NZ_QPIP01000031.1_wolbachia	2.49e-17	94.2	54	98.148	1	54	2698	2645
contig125264:5576-5685	NZ_CP015510.2_wolbachia	7.99e-17	94.2	110	80.000	3	109	1263720	1263611
contig134051:21537-21653	NZ_CACK01000334.1_wolbachia	8.72e-17	94.2	115	80.870	4	116	322	214
contig22294:11140-11524	NZ_AAGB01000062.1_wolbachia	3.63e-16	94.2	378	65.873	8	384	1177	801
contig318:20935-21037	NZ_CACK01000334.1_wolbachia	7.26e-17	94.2	105	81.905	1	102	319	215
contig42747:21330-21419	NZ_MUJL01000121.1_wolbachia	6.02e-17	94.2	79	86.076	1	79	3409	3336
contig50645:14346-14481	NZ_CP015510.2_wolbachia	1.07e-16	94.2	145	79.310	1	135	1261629	1261770
contig76126:25565-25643	NZ_QPIP01000190.1_wolbachia	4.88e-17	94.2	83	84.337	1	78	2365	2447
contig86246:11697-12127	NZ_AAGB01000062.1_wolbachia	4.11e-16	94.2	432	65.509	1	430	748	1177
contig110667:14259-14324	NZ_NSDS01000071.1_wolbachia	3.53e-17	93.3	63	93.651	3	65	2618	2557
contig121945:4347-4440	NZ_LRUH01000086.1_wolbachia	6.43e-17	93.3	93	82.796	1	93	2586	2495
contig133774:20453-20769	NZ_CP041215.1_wolbachia	2.94e-16	93.3	316	66.456	1	316	1027681	1027996
contig19682:55973-56039	NZ_NJBR02000009.1_wolbachia	3.63e-17	93.3	66	90.909	1	66	2723	2788
contig2122:56413-56679	NZ_LSYY01000023.1_wolbachia	2.42e-16	93.3	183	71.585	71	253	1391	1572
contig33794:1817-2145	NZ_AAGB01000062.1_wolbachia	3.06e-16	93.3	322	67.081	8	328	1177	858
contig69198:42364-42573	NZ_AAGB01000062.1_wolbachia	1.83e-16	93.3	205	70.732	6	209	800	1003
contig110376:28616-28854	NZ_QPIP01000140.1_wolbachia	7.42e-16	92.4	161	78.882	36	194	1341	1193
contig111570:11853-12229	NZ_AAGB01000062.1_wolbachia	1.24e-15	92.4	377	65.782	1	376	802	1177
contig135189:5815-6191	NZ_AAGB01000062.1_wolbachia	1.24e-15	92.4	377	65.782	1	376	802	1177
contig60599:53108-53584	NZ_DS996942.1_wolbachia	1.60e-15	92.4	143	74.126	231	373	41407	41549
contig6186:13965-14263	NZ_AAGB01000062.1_wolbachia	9.60e-16	92.4	297	67.340	3	298	1096	801
contig72818:9252-9320	NZ_JQAM01000040.1_wolbachia	1.34e-16	92.4	68	89.706	1	68	16034	15967
contig75947:8195-8744	NZ_CP041215.1_wolbachia	1.87e-15	92.4	547	64.351	3	543	1028163	1027623
contig8613:10389-10462	NZ_JQAM01000040.1_wolbachia	1.52e-16	92.4	73	87.671	1	73	16034	15962
contig105466:42197-42272	NZ_DS996930.1_wolbachia	1.59e-16	91.5	50	100.000	26	75	2958	3007
contig112348:31626-31683	NZ_FMKF01000163.1_wolbachia	9.78e-17	91.5	50	100.000	8	57	1476	1427
contig125783:15899-15951	NZ_FMKF01000093.1_wolbachia	7.97e-17	91.5	50	100.000	3	52	845	894
contig137591:7039-7101	NZ_QPIP01000120.1_wolbachia	1.16e-16	91.5	62	93.548	2	62	198	137
contig19172:3384-3546	NZ_AAGB01000062.1_wolbachia	4.71e-16	91.5	160	72.500	3	162	958	799
contig33241:3906-4031	NZ_QPIP01000084.1_wolbachia	3.37e-16	91.5	77	87.013	50	125	4122	4198
contig38820:22000-22070	NZ_CP041215.1_wolbachia	1.41e-16	91.5	70	88.571	1	70	281697	281766
contig59704:10029-10162	NZ_CP041215.1_wolbachia	3.66e-16	91.5	133	77.444	1	129	284852	284725
contig64752:20235-20319	NZ_LYUY01000113.1_wolbachia	1.92e-16	91.5	87	87.356	1	84	2734	2651
contig77737:9413-9493	NZ_CACK01000363.1_wolbachia	1.77e-16	91.5	80	85.000	1	80	153	232
contig81521:11230-11280	NZ_QPIP01000225.1_wolbachia	7.24e-17	91.5	50	100.000	1	50	3314	3363
contig83632:70241-70293	NZ_FMKF01000093.1_wolbachia	7.97e-17	91.5	50	100.000	3	52	845	894
contig125360:3758-3840	NZ_CP034335.1_wolbachia	6.45e-16	90.6	74	87.838	9	81	579541	579468
contig131889:21960-22012	NZ_FMKF01000093.1_wolbachia	2.78e-16	90.6	52	98.077	1	52	893	842
contig3851:21916-22078	NZ_AAGB01000062.1_wolbachia	1.64e-15	90.6	162	72.222	1	162	800	961
contig47930:2738-2798	NZ_QPIP01000022.1_wolbachia	3.79e-16	90.6	61	95.082	1	60	4288	4229
contig56531:3400-3590	NZ_CAOH01000039.1_wolbachia	1.98e-15	90.6	178	71.348	1	178	4110	4284
contig64752:13923-14020	NZ_LSYX01000068.1_wolbachia	8.34e-16	90.6	97	83.505	3	97	38531	38624
contig6553:74237-74299	NZ_CP015510.2_wolbachia	4.05e-16	90.6	62	91.935	1	62	1263273	1263212
contig83153:5775-5852	NZ_QPIP01000007.1_wolbachia	5.82e-16	90.6	73	89.041	7	77	29053	29124
contig108601:14676-14995	NZ_AAGB01000062.1_wolbachia	3.62e-15	89.7	318	66.667	3	319	1174	858
contig112757:4620-4935	NZ_AAGB01000062.1_wolbachia	3.56e-15	89.7	317	67.192	1	315	802	1116
contig115207:31541-31856	NZ_AAGB01000062.1_wolbachia	3.56e-15	89.7	317	67.192	1	315	802	1116
contig38066:4431-4688	NZ_AAGB01000062.1_wolbachia	2.83e-15	89.7	258	68.217	1	257	801	1057
contig51537:20138-20207	NZ_CP015510.2_wolbachia	4.80e-16	89.7	69	88.406	1	69	1263318	1263386
contig71329:13271-13320	NZ_QPIP01000012.1_wolbachia	2.40e-16	89.7	49	100.000	1	49	5411	5459
contig78924:20765-20869	NZ_MUJL01000071.1_wolbachia	9.10e-16	89.7	109	78.899	1	104	5091	5199
contig84853:2583-2649	NZ_CP034335.1_wolbachia	4.42e-16	89.7	66	90.909	1	66	754101	754037
contig148026:6034-6105	NZ_FMKF01000163.1_wolbachia	1.76e-15	88.7	61	91.803	1	61	27	87
contig29634:16511-16692	NZ_CP041215.1_wolbachia	6.57e-15	88.7	181	70.718	1	181	944857	944677
contig5133:56732-56788	NZ_QPIP01000040.1_wolbachia	1.15e-15	88.7	56	94.643	1	56	9341	9396
contig71948:10786-10885	NZ_CTEH01000004.1_wolbachia	3.00e-15	88.7	100	86.000	1	95	28459	28367
contig109602:23079-23467	NZ_AAGB01000062.1_wolbachia	1.56e-14	87.8	391	65.473	1	388	1190	801
contig131356:18576-18787	NZ_LSYX01000020.1_wolbachia	7.85e-15	87.8	215	70.233	1	211	1701	1489
contig137956:15908-15976	NZ_CAOH01000024.1_wolbachia	1.63e-15	87.8	68	88.235	1	68	1638	1571
contig138421:10800-10886	NZ_LSYX01000036.1_wolbachia	2.43e-15	87.8	86	84.884	1	85	376	458
contig19342:9841-10048	NZ_AAGB01000062.1_wolbachia	7.68e-15	87.8	209	70.335	1	207	1002	795
contig21539:16820-17196	NZ_AAGB01000062.1_wolbachia	1.51e-14	87.8	377	65.517	1	376	802	1177
contig29977:47891-48319	NZ_AAGB01000062.1_wolbachia	1.74e-14	87.8	431	64.965	1	428	748	1177
contig45387:21923-22208	NZ_DS996942.1_wolbachia	1.11e-14	87.8	143	73.427	143	285	41549	41407
contig56420:36894-37235	NZ_CP015510.2_wolbachia	1.36e-14	87.8	349	66.189	3	341	745145	745483
contig68298:5005-5099	NZ_LRUH01000078.1_wolbachia	2.78e-15	87.8	90	86.667	13	94	3857	3943
contig79792:28523-28608	NZ_FMKF01000003.1_wolbachia	2.38e-15	87.8	84	89.286	8	85	9114	9033
contig93901:23167-23240	NZ_LSYX01000045.1_wolbachia	1.85e-15	87.8	73	86.301	1	73	824	896
NODE_2962_length_2665_cov_14.540478:31-359	NZ_AAGB01000062.1_wolbachia	4.54e-14	86.9	329	66.261	1	328	850	1177
contig17461:36723-36836	NZ_JQAM01000040.1_wolbachia	1.25e-14	86.9	77	85.714	37	113	16035	15960
contig18872:4129-4189	NZ_CP034335.1_wolbachia	4.62e-15	86.9	60	91.667	1	60	755044	755103
contig2122:60724-60949	NZ_CP041215.1_wolbachia	2.96e-14	86.9	228	69.737	1	225	1104913	1104692
contig24236:2457-2793	NZ_AAGB01000062.1_wolbachia	4.67e-14	86.9	338	66.568	1	336	850	1185
contig41724:56355-56430	NZ_JQAM01000040.1_wolbachia	6.78e-15	86.9	75	85.333	1	75	15961	16035
contig60318:3753-3843	NZ_CP041215.1_wolbachia	9.09e-15	86.9	77	87.013	15	90	816472	816401
contig86548:53212-53531	NZ_AAGB01000062.1_wolbachia	4.40e-14	86.9	322	66.149	1	319	1113	795
contig87380:12320-12395	NZ_JQAM01000040.1_wolbachia	6.78e-15	86.9	75	85.333	1	75	15961	16035
contig96594:19151-19242	NZ_CACK01000666.1_wolbachia	9.24e-15	86.9	91	81.319	1	91	140	63
contig104504:63344-63408	NZ_QPIP01000012.1_wolbachia	5.08e-15	86.0	64	90.625	1	64	3955	4017
contig12606:23914-23975	NZ_QPIP01000065.1_wolbachia	4.77e-15	86.0	63	93.651	1	61	6684	6623
contig126085:45489-45546	NZ_FMKF01000053.1_wolbachia	4.16e-15	86.0	57	92.982	1	57	974	1030
contig138752:12690-12911	NZ_CP041215.1_wolbachia	2.90e-14	86.0	203	69.951	1	195	409947	409750
contig138752:14730-14959	NZ_CP041215.1_wolbachia	3.02e-14	86.0	203	69.951	1	195	409947	409750
contig17191:33141-33247	NZ_CACK01000334.1_wolbachia	1.14e-14	86.0	111	81.081	1	106	215	323
contig28080:17100-17430	NZ_CP015510.2_wolbachia	4.57e-14	86.0	355	65.070	1	330	745148	745483
contig5631:5353-5473	NZ_LSYX01000084.1_wolbachia	1.36e-14	86.0	120	75.000	1	120	3802	3912
contig62510:36203-36315	NZ_CP015510.2_wolbachia	1.23e-14	86.0	113	81.416	1	112	1263198	1263298
contig92588:26150-26212	NZ_MRWX01000094.1_wolbachia	4.93e-15	86.0	62	90.323	1	62	965	1026
contig103186:38962-39304	NZ_AAGB01000062.1_wolbachia	1.66e-13	85.1	343	65.889	1	342	1190	849
contig120354:12825-12901	NZ_JQAM01000040.1_wolbachia	2.42e-14	85.1	76	85.526	1	76	15961	16035
contig125480:13614-13673	NZ_QPIP01000070.1_wolbachia	1.56e-14	85.1	59	91.525	1	59	7821	7879
contig20691:32360-32436	NZ_CAOH01000066.1_wolbachia	2.42e-14	85.1	76	85.526	1	76	1142	1216
contig2122:43541-43685	NZ_CP015510.2_wolbachia	6.02e-14	85.1	144	72.917	1	144	1212409	1212552
contig21950:61197-61273	NZ_JQAM01000040.1_wolbachia	2.42e-14	85.1	76	85.526	1	76	15961	16035
contig23167:12184-12233	NZ_NSDS01000070.1_wolbachia	1.02e-14	85.1	49	97.959	1	49	519	567
contig29933:38573-38629	NZ_CP041215.1_wolbachia	1.40e-14	85.1	54	94.444	3	56	295787	295734
contig4318:33744-34237	NZ_AP013028.1_wolbachia	2.47e-13	85.1	178	71.348	1	177	967465	967641
contig57847:9474-9707	NZ_CP015510.2_wolbachia	1.08e-13	85.1	206	68.932	1	206	744886	744687
contig6531:21771-21847	NZ_JQAM01000040.1_wolbachia	2.42e-14	85.1	76	85.526	1	76	15961	16035
contig78980:20855-20931	NZ_JQAM01000040.1_wolbachia	2.42e-14	85.1	76	85.526	1	76	15961	16035
contig90401:46977-47073	NZ_CAOH01000036.1_wolbachia	3.49e-14	85.1	103	80.583	2	96	6364	6266
contig101696:7691-8067	NZ_AAGB01000062.1_wolbachia	1.84e-13	84.2	375	65.333	3	376	1174	801
contig112424:2575-2911	NZ_AAGB01000062.1_wolbachia	1.63e-13	84.2	330	66.061	8	336	1177	849
contig132487:10691-10961	NZ_CP015510.2_wolbachia	1.27e-13	84.2	163	71.779	101	262	1188414	1188252
contig133418:20011-20057	NZ_QPIP01000190.1_wolbachia	8.60e-15	84.2	46	100.000	1	46	1854	1809
contig24029:38112-38238	NZ_MJMG01000008.1_wolbachia	5.05e-14	84.2	121	75.207	6	126	18967	19087
contig44289:3719-3790	NZ_JYPC01000058.1_wolbachia	2.15e-14	84.2	77	88.312	1	71	3597	3523
contig48273:12140-12262	NZ_CP041215.1_wolbachia	4.84e-14	84.2	111	76.577	1	111	1107048	1106938
contig51480:10599-10806	NZ_CP041215.1_wolbachia	9.35e-14	84.2	134	76.866	4	133	284725	284853
contig55885:27769-27860	NZ_AP013028.1_wolbachia	3.23e-14	84.2	91	80.220	1	91	1129282	1129192
contig56752:77702-77790	NZ_DS996942.1_wolbachia	3.06e-14	84.2	87	86.207	3	88	23234	23313
contig72521:3968-4031	NZ_CAOH01000066.1_wolbachia	1.72e-14	84.2	65	89.231	1	63	1197	1133
contig8667:15367-15683	NZ_CP015510.2_wolbachia	1.52e-13	84.2	340	64.412	1	316	745153	745483
contig95956:8069-8152	NZ_LRUH01000087.1_wolbachia	2.80e-14	84.2	76	84.211	8	83	337	262
NODE_50556_length_456_cov_11.553247:124-438	NZ_AAGB01000062.1_wolbachia	5.27e-13	83.3	316	66.772	1	314	1162	849
contig101838:13705-13990	NZ_CTEH01000006.1_wolbachia	4.73e-13	83.3	93	79.570	16	108	9964	10056
contig118143:10254-10365	NZ_CACK01000334.1_wolbachia	1.48e-13	83.3	116	75.000	1	111	215	321
contig127718:19594-19869	NZ_AP013028.1_wolbachia	4.54e-13	83.3	283	68.551	9	275	315551	315824
contig132021:5458-5541	NZ_CP041215.1_wolbachia	9.76e-14	83.3	83	81.928	1	83	282931	282849
contig17916:10454-10502	NZ_RWIK01000003.1_wolbachia	3.38e-14	83.3	48	97.917	1	48	40031	40078
contig19641:22594-22852	NZ_CP041215.1_wolbachia	4.22e-13	83.3	93	79.570	166	258	89519	89427
contig2979:27598-27700	NZ_CP015510.2_wolbachia	1.31e-13	83.3	93	79.570	1	93	1454871	1454779
contig30832:34561-34635	NZ_CTEH01000001.1_wolbachia	8.07e-14	83.3	75	85.333	1	74	418974	418900
contig65403:34092-34428	NZ_AAGB01000062.1_wolbachia	5.68e-13	83.3	331	66.465	8	336	1177	849
contig6655:29573-29699	NZ_CP041215.1_wolbachia	1.76e-13	83.3	102	79.412	26	126	1165464	1165364
contig66959:23015-23073	NZ_CP015510.2_wolbachia	5.25e-14	83.3	58	91.379	1	58	1263241	1263298
contig71229:8521-8905	NZ_AAGB01000062.1_wolbachia	6.57e-13	83.3	386	65.544	1	384	802	1185
contig76126:25885-26032	NZ_VCEG01000063.1_wolbachia	2.16e-13	83.3	101	82.178	4	101	1824	1918
contig76689:9935-10150	NZ_AAGB01000062.1_wolbachia	3.41e-13	83.3	157	72.611	60	215	1005	850
contig82042:13050-13220	NZ_FMKF01000085.1_wolbachia	2.59e-13	83.3	168	70.833	3	170	1470	1637
contig91522:21117-21201	NZ_QPIP01000026.1_wolbachia	9.94e-14	83.3	83	84.337	3	84	12669	12747
contig10237:5312-5474	NZ_AAGB01000062.1_wolbachia	2.44e-13	82.4	160	71.250	3	162	958	799
contig12055:14068-14495	NZ_QPIP01000225.1_wolbachia	7.37e-13	82.4	160	76.875	8	167	535	391
contig145639:5371-5623	NZ_CP015510.2_wolbachia	4.11e-13	82.4	229	68.559	26	252	1088261	1088484
contig20263:54784-54920	NZ_CP041215.1_wolbachia	1.95e-13	82.4	134	75.373	1	126	624485	624614
contig2122:48219-48284	NZ_CP041215.1_wolbachia	6.38e-14	82.4	65	87.692	1	65	1105374	1105310
contig24727:48265-48310	NZ_CP016430.1_wolbachia	2.81e-14	82.4	45	100.000	1	45	1112682	1112726
contig36819:15572-15715	NZ_FMKF01000044.1_wolbachia	2.08e-13	82.4	144	73.611	1	143	3112	3254
contig41847:21503-21571	NZ_CP041215.1_wolbachia	6.94e-14	82.4	68	86.765	1	68	159166	159103
contig46040:20114-20276	NZ_AAGB01000062.1_wolbachia	2.44e-13	82.4	160	71.250	3	162	958	799
contig61199:68250-68732	NZ_MUJM01000109.1_wolbachia	8.41e-13	82.4	481	63.825	6	482	21075	20599
contig62357:24827-25168	NZ_CP015510.2_wolbachia	5.78e-13	82.4	351	65.812	1	341	745482	745142
contig63004:8436-8594	NZ_AAGB01000062.1_wolbachia	2.36e-13	82.4	159	72.327	1	158	1009	852
contig95600:4627-4677	NZ_QPIP01000115.1_wolbachia	3.75e-14	82.4	50	96.000	1	50	3133	3182
contig101777:24203-24489	NZ_AAGB01000062.1_wolbachia	1.66e-12	81.5	287	66.899	1	286	1085	803
contig109512:20143-20239	NZ_CP011148.1_wolbachia	4.26e-13	81.5	99	80.808	1	96	550740	550650
contig121254:13203-13499	NZ_AAGB01000062.1_wolbachia	1.72e-12	81.5	299	66.555	1	296	1094	799
contig126000:6465-6512	NZ_QPIP01000040.1_wolbachia	1.11e-13	81.5	47	97.872	1	47	12787	12833
contig14920:29553-29759	NZ_AAGB01000062.1_wolbachia	1.13e-12	81.5	208	69.231	1	206	1056	850
contig36067:9120-9182	NZ_AMZJ01000016.1_wolbachia	2.10e-13	81.5	62	88.710	1	62	1466	1527
contig362:10356-10745	NZ_AAGB01000062.1_wolbachia	2.32e-12	81.5	387	65.891	6	389	795	1174
contig50645:15526-15738	NZ_CP015510.2_wolbachia	1.17e-12	81.5	232	70.690	1	212	1263198	1263427
contig69733:27938-28200	NZ_CTEH01000006.1_wolbachia	1.50e-12	81.5	283	69.611	1	262	3077	2802
contig82042:14024-14107	NZ_LSYX01000046.1_wolbachia	3.41e-13	81.5	89	82.022	1	83	1612	1524
contig8343:29174-29664	NZ_AP013028.1_wolbachia	2.99e-12	81.5	176	71.023	1	175	967467	967641
NODE_5820_length_1945_cov_15.380470:612-691	NZ_VCEG01000070.1_wolbachia	3.14e-13	80.6	79	82.278	1	79	2907	2985
contig104210:2854-2921	NZ_CACK01000334.1_wolbachia	2.36e-13	80.6	70	88.571	1	67	262	331
contig105650:41615-41681	NZ_MUJM01000041.1_wolbachia	2.29e-13	80.6	59	89.831	8	66	6597	6655
contig107430:11377-11694	NZ_LK055284.1_wolbachia	1.86e-12	80.6	322	66.770	1	317	554174	554481
contig108586:13801-13927	NZ_AAGB01000062.1_wolbachia	6.16e-13	80.6	124	74.194	3	126	922	799
contig108733:16077-16151	NZ_LSYX01000045.1_wolbachia	2.82e-13	80.6	74	83.784	1	74	896	823
contig113606:38717-38778	NZ_QPIP01000084.1_wolbachia	2.03e-13	80.6	61	90.164	1	61	4170	4229
contig11646:12609-12681	NZ_JQAM01000040.1_wolbachia	2.68e-13	80.6	75	86.667	1	72	15961	16035
contig120015:11272-11358	NZ_CP015510.2_wolbachia	3.60e-13	80.6	84	80.952	3	86	745145	745228
contig128147:66736-66821	NZ_CP041215.1_wolbachia	3.54e-13	80.6	85	82.353	3	85	115838	115755
contig132558:7209-7508	NZ_AAGB01000062.1_wolbachia	1.74e-12	80.6	302	66.225	1	299	1094	799
contig144511:23285-23492	NZ_AAGB01000062.1_wolbachia	1.14e-12	80.6	208	69.231	1	207	851	1057
contig17077:41102-41720	NZ_CP041215.1_wolbachia	3.82e-12	80.6	625	63.520	3	618	1022297	1021685
contig3359:16058-16127	NZ_QPIP01000001.1_wolbachia	2.49e-13	80.6	69	86.957	1	69	57254	57317
contig35207:3069-3276	NZ_AAGB01000062.1_wolbachia	1.14e-12	80.6	208	69.231	1	207	1056	850
contig3736:8553-8708	NZ_AAGB01000062.1_wolbachia	8.05e-13	80.6	157	72.611	1	155	1004	850
contig46873:19839-19913	NZ_CP041215.1_wolbachia	2.82e-13	80.6	74	83.784	1	74	284569	284642
contig50949:10367-10443	NZ_JYPC01000058.1_wolbachia	2.95e-13	80.6	76	84.211	1	76	4158	4084
contig51258:37012-37095	NZ_VCEG01000042.1_wolbachia	3.41e-13	80.6	59	89.831	1	59	1536	1594
contig7107:10699-10906	NZ_AAGB01000062.1_wolbachia	1.14e-12	80.6	208	69.231	1	207	851	1057
contig7715:54771-54978	NZ_AAGB01000062.1_wolbachia	1.14e-12	80.6	208	69.231	1	207	1056	850
contig86147:24394-24480	NZ_CAOH01000066.1_wolbachia	3.60e-13	80.6	84	80.952	3	86	1589	1506
contig89622:17227-17434	NZ_AAGB01000062.1_wolbachia	1.14e-12	80.6	208	69.231	1	207	1056	850
contig108992:11012-11069	NZ_JQAM01000040.1_wolbachia	6.17e-13	79.7	58	91.379	1	57	15978	16035
contig109501:18777-18845	NZ_QPIP01000190.1_wolbachia	8.46e-13	79.7	71	87.324	1	68	3924	3856
contig109567:5313-5845	NZ_RWIK01000003.1_wolbachia	1.14e-11	79.7	417	64.988	124	532	28705	28294
contig110534:3252-3368	NZ_CP015510.2_wolbachia	1.92e-12	79.7	116	75.000	1	116	1185269	1185154
contig138902:47324-47397	NZ_QPIP01000084.1_wolbachia	9.60e-13	79.7	69	89.855	6	73	4174	4109
contig2122:64359-64452	NZ_CP041215.1_wolbachia	1.42e-12	79.7	83	81.928	12	93	1105310	1105392
contig25677:3967-4013	NZ_LSYY01000098.1_wolbachia	3.66e-13	79.7	46	97.826	1	46	16934	16889
contig29707:4478-4737	NZ_AAGB01000062.1_wolbachia	5.17e-12	79.7	261	68.199	1	259	859	1116
contig36819:11627-12086	NZ_RWIK01000003.1_wolbachia	9.71e-12	79.7	412	65.777	3	398	28301	28705
contig4956:83818-83884	NZ_QPIP01000051.1_wolbachia	8.00e-13	79.7	66	86.364	1	66	5445	5380
contig64848:32702-32828	NZ_AAGB01000062.1_wolbachia	2.15e-12	79.7	126	73.810	1	126	800	925
contig8079:35921-36011	NZ_VCEG01000077.1_wolbachia	1.35e-12	79.7	71	84.507	20	90	283	213
contig90834:13931-14012	NZ_CP015510.2_wolbachia	1.14e-12	79.7	81	81.481	1	81	745148	745228
contig9779:15916-16093	NZ_CP041215.1_wolbachia	3.31e-12	79.7	173	71.098	9	177	740126	739956
contig102935:25692-25797	NZ_CP015510.2_wolbachia	1.67e-12	78.8	108	76.852	1	105	190837	190942
contig114435:5416-5554	NZ_AAGB01000062.1_wolbachia	2.42e-12	78.8	138	72.464	1	138	936	799
contig126276:42481-42539	NZ_CP041215.1_wolbachia	6.40e-13	78.8	58	89.655	1	58	30369	30426
contig130433:11324-11468	NZ_NSDS01000079.1_wolbachia	2.56e-12	78.8	150	72.000	1	144	4862	5011
contig13078:16646-16970	NZ_AAGB01000062.1_wolbachia	6.65e-12	78.8	309	66.343	18	324	1096	789
contig146047:28861-28999	NZ_AAGB01000062.1_wolbachia	2.42e-12	78.8	138	72.464	1	138	936	799
contig22134:9782-9920	NZ_AAGB01000062.1_wolbachia	2.42e-12	78.8	138	72.464	1	138	936	799
contig28316:11600-11753	NZ_AAGB01000062.1_wolbachia	2.77e-12	78.8	153	71.242	1	153	800	952
contig3092:84293-84447	NZ_AAGB01000062.1_wolbachia	2.79e-12	78.8	156	72.436	1	154	851	1004
contig31175:68059-68327	NZ_AAGB01000062.1_wolbachia	5.37e-12	78.8	271	67.528	1	268	829	1093
contig35971:11309-11633	NZ_AAGB01000062.1_wolbachia	6.65e-12	78.8	309	66.343	18	324	1096	789
contig39840:10688-10748	NZ_JQAM01000040.1_wolbachia	6.86e-13	78.8	60	90.000	1	60	15977	16035
contig53178:19047-19145	NZ_AAGB01000062.1_wolbachia	1.53e-12	78.8	98	77.551	1	98	800	897
contig55560:17802-17868	NZ_QPIP01000011.1_wolbachia	8.00e-13	78.8	66	84.848	1	66	18272	18335
contig6331:7235-7373	NZ_AAGB01000062.1_wolbachia	2.42e-12	78.8	138	72.464	1	138	800	937
contig67797:16229-16297	NZ_LSYY01000134.1_wolbachia	8.46e-13	78.8	68	85.294	1	68	442	509
contig74378:16589-16685	NZ_LSYX01000112.1_wolbachia	1.49e-12	78.8	68	85.294	3	70	4605	4538
contig78811:19884-19961	NZ_CP034335.1_wolbachia	1.05e-12	78.8	77	89.610	1	76	578144	578214
contig89874:13008-13197	NZ_AAGB01000062.1_wolbachia	3.57e-12	78.8	191	70.681	1	189	975	1163
contig91932:14583-14696	NZ_AAGB01000062.1_wolbachia	1.85e-12	78.8	113	75.221	1	113	851	963
contig95267:24694-24832	NZ_AAGB01000062.1_wolbachia	2.42e-12	78.8	138	72.464	1	138	936	799
contig97264:13534-13608	NZ_JQAM01000040.1_wolbachia	9.83e-13	78.8	75	84.000	1	74	16034	15960
NODE_16852_length_1077_cov_20.737575:32-322	NZ_AAGB01000062.1_wolbachia	2.05e-11	77.9	293	66.212	1	290	800	1086
contig112564:29838-30268	NZ_AAGB01000062.1_wolbachia	3.16e-11	77.9	429	64.336	3	430	1174	747
contig112747:20082-20243	NZ_AAGB01000062.1_wolbachia	1.03e-11	77.9	162	70.988	1	161	800	961
contig123756:16759-16832	NZ_FMKF01000003.1_wolbachia	3.35e-12	77.9	72	86.111	7	73	19313	19383
contig128331:22729-23053	NZ_AAGB01000062.1_wolbachia	2.32e-11	77.9	321	66.044	6	324	795	1114
contig131576:8637-8792	NZ_AAGB01000062.1_wolbachia	9.81e-12	77.9	156	72.436	1	155	851	1004
contig138220:31094-31256	NZ_AAGB01000062.1_wolbachia	1.04e-11	77.9	160	70.625	3	162	958	799
contig1630:25088-25230	NZ_CACK01000569.1_wolbachia	8.78e-12	77.9	138	71.739	6	142	27	154
contig1877:41521-41811	NZ_AAGB01000062.1_wolbachia	2.05e-11	77.9	293	66.212	1	290	1085	799
contig21476:12088-12193	NZ_LYUY01000013.1_wolbachia	5.82e-12	77.9	105	76.190	1	105	9798	9694
contig21515:17605-18047	NZ_CP015510.2_wolbachia	3.25e-11	77.9	450	64.000	1	442	1193477	1193028
contig34547:13604-13669	NZ_JQAM01000040.1_wolbachia	2.71e-12	77.9	60	88.333	6	65	15976	16035
contig3744:26054-26353	NZ_AAGB01000062.1_wolbachia	2.12e-11	77.9	259	67.181	42	299	1057	800
contig3954:30233-30386	NZ_AAGB01000062.1_wolbachia	9.65e-12	77.9	154	72.078	1	153	851	1003
contig49337:4648-4801	NZ_AAGB01000062.1_wolbachia	9.65e-12	77.9	154	72.078	1	153	851	1003
contig5057:64046-64370	NZ_AAGB01000062.1_wolbachia	2.32e-11	77.9	321	66.044	6	324	795	1114
contig64752:13756-13823	NZ_LSYX01000066.1_wolbachia	2.87e-12	77.9	68	89.706	1	67	17212	17148
contig69624:7155-7308	NZ_AAGB01000062.1_wolbachia	9.65e-12	77.9	154	72.078	1	153	1002	850
contig88801:11875-12028	NZ_AAGB01000062.1_wolbachia	9.65e-12	77.9	154	72.078	1	153	1002	850
contig89753:13762-13917	NZ_AAGB01000180.1_wolbachia	9.81e-12	77.9	155	70.968	1	155	705	859
contig90834:14126-14347	NZ_CP015510.2_wolbachia	1.50e-11	77.9	223	67.713	3	221	745351	745572
contig96368:11861-11918	NZ_CTEH01000006.1_wolbachia	2.15e-12	77.9	55	90.909	3	57	3361	3307
contig115073:3278-3322	NZ_QPIP01000019.1_wolbachia	1.20e-12	77.0	42	100.000	3	44	9729	9770
contig141182:6803-6890	NZ_FMKF01000042.1_wolbachia	4.47e-12	77.0	67	85.075	2	68	357	291
contig141606:23418-23760	NZ_AAGB01000062.1_wolbachia	2.47e-11	77.0	342	64.912	1	342	1190	849
contig23805:15046-15361	NZ_AAGB01000062.1_wolbachia	2.25e-11	77.0	316	65.823	1	315	800	1114
contig32215:16375-16461	NZ_CP015510.2_wolbachia	4.39e-12	77.0	86	81.395	1	86	1263165	1263248
contig34296:5106-5484	NZ_AAGB01000062.1_wolbachia	2.74e-11	77.0	379	64.644	1	378	802	1177
contig41042:32536-32741	NZ_AAGB01000062.1_wolbachia	1.37e-11	77.0	206	68.932	1	205	1004	800
contig43165:16682-16992	NZ_AAGB01000062.1_wolbachia	2.21e-11	77.0	295	66.780	18	310	1096	804
contig63929:13636-13791	NZ_AAGB01000062.1_wolbachia	9.81e-12	77.0	156	71.795	1	155	851	1005
contig71147:17416-17479	NZ_MUJM01000109.1_wolbachia	2.55e-12	77.0	70	84.286	3	63	76509	76440
contig76956:34920-35077	NZ_QPIP01000023.1_wolbachia	9.97e-12	77.0	84	83.333	75	157	7605	7683
contig78479:16960-17013	NZ_QJHA01000008.1_wolbachia	1.83e-12	77.0	52	92.308	1	52	18255	18306
contig8677:113186-113392	NZ_AAGB01000062.1_wolbachia	1.38e-11	77.0	208	69.231	1	206	851	1057
contig92555:56575-56650	NZ_JQAM01000040.1_wolbachia	3.51e-12	77.0	76	84.211	1	75	15961	16035
contig107168:11053-11460	NZ_RWIK01000003.1_wolbachia	1.04e-10	76.1	119	73.950	289	407	28412	28294
contig10888:65777-65851	NZ_NSDS01000070.1_wolbachia	1.20e-11	76.1	74	82.432	1	74	153	226
contig111173:35958-36383	NZ_AAGB01000062.1_wolbachia	1.09e-10	76.1	429	64.802	3	425	807	1226
contig112112:5593-5718	NZ_AAGB01000062.1_wolbachia	2.59e-11	76.1	125	74.400	3	125	922	799
contig14149:59298-59424	NZ_AAGB01000062.1_wolbachia	2.62e-11	76.1	124	73.387	3	126	922	799
contig145639:1825-1899	NZ_CP015510.2_wolbachia	1.20e-11	76.1	74	82.432	1	74	190916	190843
contig2122:62532-62631	NZ_CP041215.1_wolbachia	1.89e-11	76.1	94	77.660	6	99	1107479	1107391
contig21655:22847-22911	NZ_QPIP01000039.1_wolbachia	9.19e-12	76.1	66	90.909	4	64	12225	12161
contig34596:10184-10262	NZ_LSYX01000065.1_wolbachia	1.31e-11	76.1	59	88.136	20	78	328	270
contig39703:22086-22176	NZ_QPIP01000190.1_wolbachia	1.64e-11	76.1	57	92.982	34	90	5502	5554
contig508:52484-52533	NZ_MRWX01000042.1_wolbachia	5.29e-12	76.1	49	93.878	1	49	5714	5666
contig6476:22661-22905	NZ_AAGB01000062.1_wolbachia	5.88e-11	76.1	243	67.490	3	244	1174	933
contig66879:2283-2344	NZ_CP015510.2_wolbachia	8.63e-12	76.1	59	88.136	3	61	1263623	1263681
contig70281:52325-52624	NZ_AAGB01000062.1_wolbachia	7.41e-11	76.1	302	65.894	1	299	800	1095
contig77636:13479-13605	NZ_AAGB01000062.1_wolbachia	2.62e-11	76.1	124	73.387	3	126	922	799
contig81495:41726-41862	NZ_CP041215.1_wolbachia	2.90e-11	76.1	140	73.571	1	136	371880	371745
contig8613:3859-3918	NZ_JQAM01000040.1_wolbachia	8.08e-12	76.1	59	88.136	1	59	15977	16035
contig97820:8123-8249	NZ_AAGB01000062.1_wolbachia	2.62e-11	76.1	124	73.387	3	126	922	799
contig105503:21588-21644	NZ_VCEG01000056.1_wolbachia	7.24e-12	75.2	56	89.286	1	56	1343	1288
contig109792:1259-1635	NZ_AAGB01000062.1_wolbachia	9.52e-11	75.2	330	65.455	48	376	849	1177
contig119722:11989-12142	NZ_AAGB01000062.1_wolbachia	3.37e-11	75.2	151	70.861	3	153	949	799
contig133885:18429-18555	NZ_AAGB01000062.1_wolbachia	2.62e-11	75.2	126	73.016	1	126	800	925
contig14074:27199-27262	NZ_JQAM01000040.1_wolbachia	8.91e-12	75.2	63	87.302	1	63	16034	15973
contig142152:3363-3507	NZ_NSDS01000079.1_wolbachia	3.12e-11	75.2	138	72.464	13	144	4998	4861
contig144337:12290-12443	NZ_AAGB01000062.1_wolbachia	3.37e-11	75.2	151	70.861	3	153	949	799
contig32100:49906-50060	NZ_AAGB01000062.1_wolbachia	3.40e-11	75.2	155	71.613	1	154	1003	850
contig34332:25403-25459	NZ_CAOH01000066.1_wolbachia	7.24e-12	75.2	56	89.286	1	56	104	49
contig34898:14332-14404	NZ_JQAM01000040.1_wolbachia	1.14e-11	75.2	73	83.562	1	72	16034	15962
contig35390:9465-9601	NZ_AAGB01000062.1_wolbachia	2.90e-11	75.2	139	72.662	1	136	800	937
contig35688:23884-23947	NZ_QPIP01000040.1_wolbachia	8.91e-12	75.2	65	87.692	1	63	9285	9221
contig39186:9550-9635	NZ_QPIP01000036.1_wolbachia	1.50e-11	75.2	85	81.176	1	85	11257	11175
contig44026:8234-8294	NZ_JQAM01000040.1_wolbachia	8.35e-12	75.2	60	90.000	1	60	16033	15976
contig50645:18930-19246	NZ_CP015510.2_wolbachia	7.88e-11	75.2	76	81.579	1	76	745153	745228
contig53143:18143-18212	NZ_FMKF01000058.1_wolbachia	1.06e-11	75.2	69	86.957	1	69	3778	3714
contig57505:17892-18046	NZ_AAGB01000062.1_wolbachia	3.40e-11	75.2	155	71.613	1	154	1003	850
contig62510:41626-41707	NZ_CP015510.2_wolbachia	1.39e-11	75.2	81	80.247	1	81	745148	745228
contig65298:1392-1518	NZ_AAGB01000062.1_wolbachia	2.62e-11	75.2	126	73.016	1	126	800	925
contig81097:35069-35195	NZ_AAGB01000062.1_wolbachia	2.62e-11	75.2	126	73.016	1	126	800	925
contig90866:55744-55790	NZ_QPIP01000013.1_wolbachia	4.46e-12	75.2	46	95.652	1	46	1892	1937
contig97991:26194-26349	NZ_AAGB01000180.1_wolbachia	3.42e-11	75.2	158	70.886	1	155	858	704
contig107524:29631-29693	NZ_QPIP01000069.1_wolbachia	3.11e-11	74.3	62	88.710	3	62	5943	5882
contig118053:25268-25560	NZ_AAGB01000062.1_wolbachia	2.52e-10	74.3	299	66.221	1	292	1098	801
contig127931:10360-10473	NZ_AAGB01000062.1_wolbachia	7.87e-11	74.3	113	74.336	1	113	962	850
contig128431:17375-17513	NZ_AAGB01000062.1_wolbachia	1.03e-10	74.3	138	71.739	1	138	936	799
contig128951:17160-17323	NZ_AAGB01000062.1_wolbachia	1.27e-10	74.3	163	69.939	1	163	937	1099
contig142825:8880-8933	NZ_MRWX01000042.1_wolbachia	2.24e-11	74.3	53	90.566	1	53	2975	3027
contig24101:10440-10510	NZ_JQAM01000040.1_wolbachia	3.79e-11	74.3	73	82.192	3	70	15963	16035
contig41155:30627-30685	NZ_QPIP01000084.1_wolbachia	2.72e-11	74.3	58	87.931	1	58	1266	1209
contig47840:14101-14186	NZ_CP016430.1_wolbachia	5.25e-11	74.3	62	88.710	15	75	30621	30681
contig58770:14012-14321	NZ_AAGB01000062.1_wolbachia	2.68e-10	74.3	294	66.327	18	309	1096	804
contig69733:29063-29426	NZ_CP015510.2_wolbachia	3.20e-10	74.3	78	80.769	1	78	745148	745225
contig72028:6058-6382	NZ_AAGB01000062.1_wolbachia	2.83e-10	74.3	309	66.019	18	324	1096	789
contig7443:12467-12791	NZ_AAGB01000062.1_wolbachia	2.83e-10	74.3	309	66.019	18	324	1096	789
contig75416:25746-25820	NZ_QPIP01000040.1_wolbachia	4.18e-11	74.3	79	86.076	1	74	12910	12985
contig76296:23728-23866	NZ_AAGB01000062.1_wolbachia	1.03e-10	74.3	138	71.739	1	138	936	799
contig82118:26973-27028	NZ_CP041215.1_wolbachia	2.43e-11	74.3	48	93.750	8	55	373215	373262
contig97869:15973-16117	NZ_NSDS01000079.1_wolbachia	1.09e-10	74.3	150	71.333	1	144	4862	5011
contig98907:17152-17305	NZ_AAGB01000062.1_wolbachia	1.18e-10	74.3	153	70.588	1	153	800	952
contig99179:14781-14932	NZ_AAGB01000062.1_wolbachia	1.16e-10	74.3	152	71.711	1	151	1000	850
contig99532:12897-13030	NZ_CP041215.1_wolbachia	9.82e-11	74.3	133	72.180	1	133	1024164	1024032
contig99630:39552-39602	NZ_QPIP01000073.1_wolbachia	1.94e-11	74.3	48	93.750	3	50	3323	3276
NODE_7845_length_1655_cov_2.052399:564-655	NZ_CP034335.1_wolbachia	5.83e-11	73.4	95	78.947	1	91	702765	702858
contig102027:43231-43306	NZ_AAGB01000062.1_wolbachia	4.28e-11	73.4	75	81.333	1	75	924	850
contig113452:7859-7984	NZ_AAGB01000062.1_wolbachia	9.04e-11	73.4	125	72.800	1	125	924	800
contig113839:25638-25763	NZ_AAGB01000062.1_wolbachia	9.04e-11	73.4	125	72.800	1	125	801	925
contig117793:17490-17643	NZ_AAGB01000062.1_wolbachia	1.18e-10	73.4	154	71.429	1	153	851	1003
contig123687:5271-5595	NZ_AAGB01000062.1_wolbachia	2.83e-10	73.4	321	65.732	6	324	795	1114
contig137852:11802-11867	NC_018267.1_wolbachia	3.30e-11	73.4	65	84.615	1	65	160625	160689
contig146975:7795-7948	NZ_AAGB01000062.1_wolbachia	1.18e-10	73.4	154	71.429	1	153	851	1003
contig16349:23545-23854	NZ_AAGB01000062.1_wolbachia	2.68e-10	73.4	311	65.916	1	309	805	1114
contig19427:10825-10978	NZ_AAGB01000062.1_wolbachia	1.18e-10	73.4	154	71.429	1	153	1002	850
contig22351:1200-1291	NZ_FMKF01000070.1_wolbachia	5.83e-11	73.4	92	78.261	1	91	4147	4056
contig37381:16271-16424	NZ_AAGB01000062.1_wolbachia	1.18e-10	73.4	154	71.429	1	153	851	1003
contig5186:23757-23862	NZ_LYUY01000013.1_wolbachia	7.09e-11	73.4	105	75.238	1	105	9798	9694
contig5442:51159-51483	NZ_AAGB01000062.1_wolbachia	2.83e-10	73.4	321	65.732	6	324	795	1114
contig61205:30615-30671	NZ_FMKF01000003.1_wolbachia	2.53e-11	73.4	56	91.071	1	56	6683	6735
contig67402:20116-20171	NZ_CTEH01000006.1_wolbachia	2.43e-11	73.4	55	89.091	1	55	3040	3094
contig71111:15728-16052	NZ_AAGB01000062.1_wolbachia	2.83e-10	73.4	321	65.732	6	324	795	1114
contig82807:9998-10152	NZ_AAGB01000062.1_wolbachia	1.19e-10	73.4	156	71.795	1	154	1004	850
contig89218:7871-7927	NZ_AMZJ01000109.1_wolbachia	2.53e-11	73.4	58	91.379	1	56	244	299
contig89749:25796-26086	NZ_AAGB01000062.1_wolbachia	2.50e-10	73.4	293	65.870	1	290	1085	799
contig91406:16032-16180	NZ_AAGB01000062.1_wolbachia	1.13e-10	73.4	149	71.812	1	148	851	998
contig98062:11771-11825	NZ_QPIP01000021.1_wolbachia	2.33e-11	73.4	58	93.103	1	54	8148	8091
NODE_22153_length_913_cov_5.675772:91-163	NZ_MJMG01000006.1_wolbachia	1.39e-10	72.5	72	81.944	1	72	29022	29093
contig17077:43839-44459	NZ_CP041215.1_wolbachia	1.99e-09	72.5	627	63.317	3	620	1021688	1022300
contig82303:12932-13051	NZ_LK055284.1_wolbachia	2.95e-10	72.5	104	75.962	16	119	595210	595108
contig110376:17282-17492	NZ_CP015510.2_wolbachia	2.10e-09	70.7	213	67.136	3	210	745351	745561
contig32215:21034-21244	NZ_CP015510.2_wolbachia	2.10e-09	70.7	213	67.136	3	210	745351	745561
contig32591:36171-36286	NC_021084.1_wolbachia	9.83e-10	69.8	88	77.273	1	88	117159	117246
NODE_22153_length_913_cov_5.675772:315-385	NZ_MJMG01000006.1_wolbachia	1.61e-09	68.9	70	81.429	1	70	29024	29093
contig103782:14050-14371	NZ_CP015510.2_wolbachia	4.15e-08	67.1	343	63.265	3	321	745480	745147
contig2122:38372-38548	NZ_CAOH01000066.1_wolbachia	2.08e-08	67.1	131	72.519	52	176	1487	1617
contig28833:38284-38460	NZ_CAOH01000066.1_wolbachia	2.08e-08	67.1	131	72.519	52	176	1487	1617
NODE_154696_length_95_cov_61.250000:1-94	NZ_AAGB01000062.1_wolbachia	8.94e-09	66.2	91	75.824	3	93	889	799
contig129776:7051-7194	NZ_JQAM01000039.1_wolbachia	5.59e-08	64.4	125	71.200	1	125	26211	26335
contig64712:3525-3744	NZ_MUJM01000136.1_wolbachia	3.27e-07	63.5	87	80.460	135	219	1472	1389
contig108623:29641-30079	NZ_CAOH01000056.1_wolbachia	7.10e-07	62.6	152	69.737	279	427	9133	8983
contig35249:16361-16416	NZ_CTEH01000015.1_wolbachia	1.53e-07	61.7	55	81.818	1	55	2397	2343
contig16309:44145-44228	NZ_QPIP01000190.1_wolbachia	3.19e-07	60.8	89	78.652	1	83	5490	5407
