EOG090X0064 0.304073 13.4627 6.03833
EOG090X00BY 0.262015 28.3854 32.6738
EOG090X00FC 0.311022 30.3922 28.6286
EOG090X013U 0.264629 33.2984 32.4271
EOG090X014A 0.325483 24.5606 24.4957
EOG090X01A3 0.281061 34.0784 31.9463
EOG090X01BP 0.322175 10.3683 12.3156
EOG090X01EZ 0.33151 36.7875 36.1802
EOG090X01H4 0.362248 32.4074 35.3358
EOG090X01LU 0.380446 28.8766 28.9306
EOG090X01NK 0.315104 57.609 56.5922
EOG090X01OT 0.265316 15.2947 16.8278
EOG090X01QX 0.298213 37.1376 33.1684
EOG090X01R1 0.277294 28.2704 27.4715
EOG090X021B 0.306224 28.6961 29.7536
EOG090X0272 0.308801 18.7858 17.5124
EOG090X028A 0.318093 40.3888 39.1997
EOG090X02DA 0.337548 44.8921 44.0595
EOG090X02DF 0.237232 16.7728 15.8703
EOG090X02EM 0.2995 36.0088 37.4328
EOG090X02EP 0.326611 39.7783 38.9193
EOG090X02H9 0.290716 30.4369 30.5839
EOG090X02IK 0.292314 39.0295 38.5171
EOG090X02IW 0.276327 10.3596 9.79046
EOG090X02MW 0.301432 14.3219 14.7149
EOG090X02NT 0.331287 30.9074 32.4847
EOG090X02QX 0.302999 29.9558 27.9466
EOG090X02S0 0.289809 25.8197 23.6392
EOG090X02T5 0.351646 36.005 35.3765
EOG090X02ZJ 0.395247 36.1316 38.6184
EOG090X030C 0.230217 12.276 11.7384
EOG090X0318 0.293046 18.6873 17.2494
EOG090X032R 0.270015 25.7214 25.2869
EOG090X0363 0.312999 45.8863 47.233
EOG090X03AJ 0.280915 60.9516 59.4493
EOG090X03AK 0.257718 20.4201 23.1098
EOG090X03CE 0.310785 56.153 56.0798
EOG090X03DA 0.296448 33.2009 33.9473
EOG090X03EV 0.365802 44.4405 43.4201
EOG090X03H5 0.327737 47.9797 47.9245
EOG090X03KK 0.320629 28.6578 28.2553
EOG090X03O4 0.26998 28.0618 28.2092
EOG090X03QW 0.270731 30.1063 30.6121
EOG090X03RJ 0.262311 27.224 29.5228
EOG090X03RP 0.332513 22.3321 21.4767
EOG090X03S1 0.277279 22.228 21.9032
EOG090X03T7 0.279824 14.3111 16.837
EOG090X03TW 0.32849 15.7286 14.6011
EOG090X03V0 0.344678 41.302 39.521
EOG090X0464 0.32185 45.314 44.6164
EOG090X049M 0.282695 14.6521 14.5753
EOG090X04D9 0.302573 23.0064 23.9155
EOG090X04DJ 0.314612 23.3887 21.1344
EOG090X04HR 0.301584 9.93422 10.6786
EOG090X04K8 0.31996 41.1006 38.6089
EOG090X04KW 0.317544 19.6691 18.955
EOG090X04LA 0.309409 22.6388 22.1355
EOG090X04PU 0.269794 31.0309 29.3152
EOG090X04TT 0.319418 47.3117 47.07
EOG090X04VI 0.358058 35.6775 31.4805
EOG090X04W0 0.291444 11.5627 10.6247
EOG090X04WQ 0.309527 14.0074 14.9033
EOG090X054E 0.279164 12.3713 11.2686
EOG090X057R 0.302534 36.5425 35.9109
EOG090X05GA 0.319843 29.9793 27.5023
EOG090X05H4 0.296144 14.6848 14.0877
EOG090X05H5 0.312971 44.951 47.0624
EOG090X05JJ 0.267699 21.1417 18.8629
EOG090X05QT 0.337166 26.4914 25.2572
EOG090X05RX 0.245104 18.3664 17.0315
EOG090X05V9 0.29615 54.3833 56.498
EOG090X05VA 0.322347 35.5888 31.1215
EOG090X05VD 0.283673 8.4347 9.12609
EOG090X067V 0.336619 19.1432 17.4205
EOG090X0687 0.309524 36.5928 33.7318
EOG090X06AF 0.340888 19.3669 18.8223
EOG090X06BA 0.314842 38.8988 35.5029
EOG090X06EY 0.259351 36.2821 31.2087
EOG090X06GA 0.289513 23.4547 27.0675
EOG090X06Q3 0.326735 25.0647 27.5114
EOG090X06RW 0.336043 49.004 45.4181
EOG090X06SF 0.326641 35.6109 37.6543
EOG090X06T3 0.363718 8.14709 8.34371
EOG090X06TI 0.320124 39.7638 40.3503
EOG090X06V5 0.301944 12.7123 12.5975
EOG090X06W8 0.38287 165.773 171.932
EOG090X06W9 0.267966 16.9986 18.3115
EOG090X06XW 0.288531 18.6316 18.82
EOG090X078Z 0.270284 22.2056 20.659
EOG090X07D3 0.337362 28.2333 28.5565
EOG090X07E2 0.301851 24.4053 24.2733
EOG090X07G2 0.312072 38.9468 34.0623
EOG090X07HG 0.269913 13.4163 13.3644
EOG090X07IA 0.29507 46.3261 45.7867
EOG090X07J3 0.381592 54.7628 44.6963
EOG090X07J8 0.401202 14.9412 14.5833
EOG090X07JL 0.325086 38.6027 38.7383
EOG090X07KO 0.219625 22.2377 21.3709
EOG090X07L3 0.25465 42.0789 42.938
EOG090X07NZ 0.261914 21.5488 21.2029
EOG090X07PL 0.275967 10.49 11.979
EOG090X07RL 0.283217 48.4889 45.8074
EOG090X07S3 0.341942 52.2483 49.1457
EOG090X07SU 0.309707 24.5877 21.7198
EOG090X07V0 0.290538 15.1548 14.4464
EOG090X07W1 0.312636 20.9982 21.4515
EOG090X07WF 0.227121 15.3988 14.2403
EOG090X081X 0.269702 15.297 15.9129
EOG090X0822 0.342666 32.8048 31.2636
EOG090X0844 0.349442 27.8787 24.233
EOG090X085S 0.374938 12.8604 14.0328
EOG090X0864 0.335516 30.7141 29.9636
EOG090X0867 0.381084 10.0429 8.63957
EOG090X08J3 0.294732 45.1111 48.141
EOG090X08JG 0.29713 33.0866 30.2942
EOG090X08JU 0.313725 21.5075 20.1387
EOG090X08KD 0.255303 14.0399 13.7651
EOG090X08O3 0.300092 32.3347 31.7158
EOG090X08OG 0.308928 17.0952 18.412
EOG090X08S2 0.282986 9.27277 9.91105
EOG090X08ST 0.248068 45.4498 45.9781
EOG090X08SX 0.287598 27.2453 30.5359
EOG090X08TI 0.266651 38.5302 37.4696
EOG090X08VX 0.285987 39.8762 35.9886
EOG090X08WB 0.306309 33.0581 34.1073
EOG090X08WI 0.344105 30.0015 31.5384
EOG090X08WK 0.347769 46.5217 42.6756
EOG090X08Z3 0.297154 15.0533 15.928
EOG090X094T 0.271559 22.8352 22.3582
EOG090X098Y 0.25244 43.4282 43.4034
EOG090X09A7 0.301713 31.4619 28.3538
EOG090X09D3 0.278591 32.2276 30.2626
EOG090X09KD 0.305792 10.6687 10.4499
EOG090X09LE 0.31668 25.751 25.0352
EOG090X09MN 0.305151 17.5291 17.1037
EOG090X09QP 0.292493 11.6416 9.14297
EOG090X09QT 0.303627 42.9321 42.3658
EOG090X09SP 0.229514 18.8209 17.4091
EOG090X09TR 0.234409 19.7358 20.2235
EOG090X09U3 0.293347 22.3944 21.0486
EOG090X09ZA 0.246537 18.7224 21.5002
EOG090X0A0R 0.328961 39.8876 39.4129
EOG090X0A1W 0.269635 39.4469 37.553
EOG090X0A55 0.296438 9.1569 8.80528
EOG090X0A5B 0.28984 39.3252 23.7115
EOG090X0A5X 0.359933 28.0011 24.1982
EOG090X0A6P 0.279851 26.6669 28.2975
EOG090X0A8E 0.244008 18.288 17.8614
EOG090X0A8N 0.306057 22.8739 22.5414
EOG090X0A9P 0.306024 27.2608 24.4158
EOG090X0ACL 0.288336 20.5496 23.0099
EOG090X0ACT 0.288953 33.1105 31.9981
EOG090X0ADZ 0.256693 6.43378 6.67809
EOG090X0AGI 0.295522 19.1837 16.5312
EOG090X0AGU 0.34843 8.75992 8.15018
EOG090X0AJ3 0.300379 39.5785 32.0033
EOG090X0AJZ 0.274638 24.9944 24.6578
EOG090X0AKT 0.255065 24.6479 23.8145
EOG090X0AMT 0.268485 38.9011 37.5308
EOG090X0AQE 0.30759 47.3393 49.1107
EOG090X0AVC 0.305686 32.4144 39.1373
EOG090X0AVX 0.268419 28.4171 27.0671
EOG090X0AX4 0.335836 27.2829 25.5267
EOG090X0B12 0.333261 22.0256 23.779
EOG090X0B2Q 0.2152 21.4767 22.2388
EOG090X0B3F 0.319624 22.3482 21.3749
EOG090X0B5N 0.275842 17.5658 14.2539
EOG090X0BA8 0.312481 28.4015 29.9455
EOG090X0BBH 0.235758 10.9009 10.1941
EOG090X0BBW 0.290248 22.572 21.162
EOG090X0BDJ 0.300371 48.2113 46.1966
EOG090X0BEM 0.279888 5.57088 4.75298
EOG090X0BGA 0.285767 41.8702 39.1639
EOG090X0BHG 0.297746 21.7537 19.8328
EOG090X0BJA 0.31483 36.4449 34.2134
EOG090X0BKO 0.208126 13.2585 13.9934
EOG090X0BLH 0.305931 24.8849 23.1976
EOG090X0BMA 0.336242 6.51067 6.26836
EOG090X0BOE 0.225273 27.6424 27.3468
EOG090X0BPX 0.311978 39.7294 38.1738
EOG090X0BSB 0.28827 32.2493 33.3356
EOG090X0BSC 0.292784 25.1039 23.1391
EOG090X0BVA 0.308709 33.9402 31.2555
EOG090X0BVL 0.216566 13.5087 10.682
EOG090X0BVS 0.284033 50.3913 38.9968
EOG090X0BWK 0.246792 11.2303 10.0237
EOG090X0BWZ 0.227632 14.9471 14.8685
EOG090X0BXY 0.293853 55.047 51.7015
EOG090X0C3Y 0.293817 41.6869 42.0299
EOG090X0C6V 0.284724 43.9913 41.7398
EOG090X0C7N 0.277235 53.1866 51.5193
EOG090X0C93 0.301487 37.802 33.0346
EOG090X0C9C 0.267439 10.4562 9.37699
EOG090X0CAM 0.300133 42.9584 37.5548
EOG090X0CDS 0.32809 18.0402 17.5102
EOG090X0CFU 0.284225 13.0539 11.7275
EOG090X0CGE 0.323923 85.6093 66.6358
EOG090X0CKF 0.301709 33.129 32.8105
EOG090X0CKN 0.327793 33.0639 33.6748
EOG090X0CTK 0.240048 31.2668 30.1289
EOG090X0D00 0.226065 5.71057 5.31882
EOG090X0D01 0.202602 10.5568 10.1538
EOG090X0D0V 0.276126 45.9271 43.7575
EOG090X0D1G 0.364508 13.8175 13.1082
EOG090X0D34 0.296426 9.63726 10.646
EOG090X0D3U 0.316473 18.4992 17.5871
EOG090X0D4M 0.295722 33.1148 33.516
EOG090X0D82 0.317468 31.3205 30.7135
EOG090X0DEX 0.221594 23.9575 23.1301
EOG090X0DK6 0.31758 23.1804 21.6607
EOG090X0DNU 0.298938 22.2059 21.839
EOG090X0DP2 0.350422 39.4219 38.5424
EOG090X0DPU 0.221589 24.2488 22.0076
EOG090X0DT2 0.336765 25.2879 23.9041
EOG090X0DWG 0.273196 25.0453 24.4187
EOG090X0DYF 0.299948 12.8394 14.2685
EOG090X0DZY 0.257716 35.3955 37.2503
EOG090X0E58 0.306273 34.3186 34.5813
EOG090X0EAO 0.221623 17.522 16.6421
EOG090X0ECZ 0.309257 19.285 21.95
EOG090X0EDZ 0.288141 22.907 21.5544
EOG090X0EJA 0.265753 29.7614 32.4825
EOG090X0EJQ 0.319167 39.2926 39.7961
EOG090X0ENV 0.241844 17.5804 15.2056
EOG090X0EPM 0.268884 32.2257 29.2424
EOG090X0ESA 0.30373 21.2765 23.9505
EOG090X0ESN 0.279635 4.25027 5.68586
EOG090X0EVF 0.274235 18.3641 18.3649
EOG090X0EWC 0.275564 14.2507 13.1144
EOG090X0EZJ 0.307692 29.9172 30.2691
EOG090X0F2L 0.245936 23.3822 21.393
EOG090X0F7H 0.281357 92.417 81.9127
EOG090X0FGQ 0.393978 10.4863 10.2434
EOG090X0FHR 0.266368 14.1718 13.1664
EOG090X0FI9 0.338556 14.1707 13.1067
EOG090X0FII 0.305188 28.8555 26.6342
EOG090X0FJX 0.318594 11.2664 12.3416
EOG090X0FP3 0.325264 73.1935 76.0645
EOG090X0FS9 0.310449 45.5846 40.824
EOG090X0FVI 0.178899 20.5424 17.9886
EOG090X0FVK 0.251682 19.283 18.5025
EOG090X0FYC 0.298341 18.3315 19.1789
EOG090X0FYD 0.279631 28.3821 26.9057
EOG090X0G38 0.2993 11.2065 10.2655
EOG090X0G5X 0.428862 23.0048 20.7534
EOG090X0G74 0.288411 7.39489 6.73468
EOG090X0GAD 0.288476 73.6277 72.0827
EOG090X0GC9 0.24092 16.896 18.1306
EOG090X0GEX 0.182689 5.85877 5.10271
EOG090X0GIP 0.278861 53.9601 52.9639
EOG090X0GKM 0.285571 26.5944 24.3021
EOG090X0GN3 0.22561 27.9074 27.2857
EOG090X0GP9 0.261409 8.04161 9.06773
EOG090X0GPB 0.259465 19.3185 18.7363
EOG090X0GXS 0.338127 31.4974 30.3755
EOG090X0GY7 0.255866 40.6358 38.5736
EOG090X0GZE 0.297947 18.4825 17.9562
EOG090X0H59 0.309384 96.9023 93.3697
EOG090X0H7H 0.299681 58.166 55.8051
EOG090X0H7R 0.24328 27.9647 32.4412
EOG090X0H9C 0.296429 22.4757 23.6141
EOG090X0H9E 0.226561 17.0625 17.8965
EOG090X0HAI 0.298258 23.3164 23.793
EOG090X0HJH 0.265506 30.7505 28.2072
EOG090X0HOM 0.349735 34.9523 34.0683
EOG090X0HTB 0.306237 38.317 41.5153
EOG090X0HUX 0.245672 22.2884 21.5082
EOG090X0HZC 0.324018 49.311 49.6089
EOG090X0IC1 0.186521 14.0329 13.2331
EOG090X0IKQ 0.246093 27.921 29.1135
EOG090X0IKX 0.262107 38.9529 33.2507
EOG090X0ILG 0.342309 38.8593 38.9115
EOG090X0IQO 0.384483 23.7344 22.9093
EOG090X0IS7 0.258206 32.665 28.7512
EOG090X0J7Y 0.380023 6.12089 5.96887
EOG090X0J9J 0.289442 19.69 19.9226
EOG090X0JCO 0.36704 17.9838 17.0637
EOG090X0JRW 0.350503 78.4654 69.7783
EOG090X0K7I 0.244364 24.5639 23.8328
EOG090X0KAT 0.275246 29.6971 30.825
EOG090X0KYU 0.315387 20.9227 18.6836
EOG090X0KZ2 0.304297 6.02997 5.49119
EOG090X0L4K 0.294369 33.2749 40.3682
EOG090X0L7F 0.273301 8.30568 8.40023
EOG090X0L97 0.333167 16.5919 18.4823
EOG090X0LFT 0.328541 96.2553 91.4315
EOG090X0LJK 0.292739 27.9847 27.4194
EOG090X0LK7 0.321046 30.4259 28.4981
EOG090X0LXA 0.291213 25.0753 21.7706
EOG090X0LYT 0.282081 15.7956 16.1195
EOG090X0LZH 0.261866 24.1199 26.1762
EOG090X0MJU 0.270472 26.0942 21.0373
EOG090X0MNC 0.301539 9.23629 9.29899
EOG090X0MTI 0.358063 9.50532 10.0967
EOG090X0MX9 0.268182 4.88354 4.9932
EOG090X0N2I 0.342405 23.5961 24.0017
EOG090X0N7H 0.267983 35.1751 35.0004
EOG090X0NKK 0.249067 31.2813 27.5298
EOG090X0NTN 0.32829 9.47086 8.20976
EOG090X0NUB 0.265892 47.106 45.0746
EOG090X0NWO 0.266258 25.8564 25.7098
EOG090X0O5J 0.294623 9.56957 9.4941
EOG090X0ON0 0.256944 49.8318 48.1565
EOG090X0OWT 0.34606 36.2024 36.437
EOG090X0OY9 0.272628 23.508 24.4508
EOG090X0P1V 0.40146 67.3351 65.3805
EOG090X0POW 0.143745 3.71876 4.43223
EOG090X0TJE 0.327431 7.3319 6.52389
agh_1 0.241437 50.1909 49.8527
agh_2 0.248252 0 0
agh_3 0.239617 16.2309 12.1672
agh_Y1 0.401376 1.75 12.3729
agh_Y2 0.392562 7.88028 24.0176
agh_Y3 0.183206 0 25.1304
